-20.66	0.98957	0.0154020217401551	1.52555149279727 
-20.61	1.0059925	0.0136636228050212	1.98252232846563 
-20.56	1.0009695	0.0109964963200007	1.29227285500925 
-20.51	0.9939065	0.0151683494140717	1.32271140272712 
-20.46	0.9996945	0.0129080939418074	0.822986282969514 
-20.42	1.0022575	0.0138099704161427	1.37916876716577 
-20.37	0.9846655	0.015738327495907	1.45428454183544 
-20.32	1.004492	0.0128119896971548	1.60107907217066 
-20.27	0.984491	0.0139816830927204	1.53350669177459 
-20.22	1.013081	0.0136194214654159	2.1654055982268 
-20.17	0.9942135	0.0138616408518351	1.80180490472308 
-20.12	0.9955915	0.0165297534846457	1.96719953370915 
-20.07	0.9986605	0.0126918334601013	1.12440432133895 
-20.03	1.01185	0.0131467574549372	1.04681084729051 
-19.98	0.988638	0.0158225630367722	2.04913801348941 
-19.93	1.004954	0.012342838707867	0.595815116613125 
-19.88	0.995777	0.0134594088006553	2.24714840718419 
-19.83	0.983635	0.0130374850254746	1.30476124305318 
-19.78	1.007635	0.0132966614329747	1.57019474865472 
-19.73	0.9935435	0.0161174336062734	2.1241405687325 
-19.68	0.9965475	0.0168913119602014	2.03785137841005 
-19.63	1.006258	0.0149154192911758	1.74137578571986 
-19.59	0.9976865	0.0136374141996433	1.96419251371029 
-19.54	0.995987	0.0126903602453947	0.998130144405984 
-19.49	0.9946695	0.0170982496718847	2.19826717069531 
-19.44	0.9934525	0.0107268069880042	0.410834969578625 
-19.39	1.002166	0.014854725422182	1.6113621596168 
-19.34	1.011044	0.0144321247660612	1.6244036130943 
-19.29	0.999108	0.0143058587924484	1.24449881450759 
-19.24	1.0062535	0.0101820219659844	0.388224231489803 
-19.19	1.0040165	0.013871114733408	0.864288902373999 
-19.15	1.001696	0.0132265635430332	0.596368116687969 
-19.1	0.9972705	0.012986478180258	1.27709963162916 
-19.05	1.007921	0.0146027026698196	1.85175310592952 
-19	1.001392	0.0166869402448994	1.5019238807746 
-18.95	0.988965	0.0142134149013492	1.35079896561949 
-18.9	0.990643	0.01279135773214	1.15262746577185 
-18.85	0.977038	0.0135282906688559	1.2673907167592 
-18.8	0.996031	0.0126678664759553	0.639283604950542 
-18.76	0.9733945	0.0141000348917075	1.16376965723039 
-18.71	0.9666145	0.0125874822845221	1.68929974135381 
-18.66	0.9925245	0.0139596235339828	1.28278588547788 
-18.61	0.9952135	0.0123683880901016	1.21932038700267 
-18.56	1.0019355	0.0109494347246547	2.22836012111864 
-18.51	0.99658	0.0148991610502068	1.20078755396667 
-18.46	1.008773	0.014357061383826	0.981494097491247 
-18.41	1.022395	0.0151651437253501	2.09316205067431 
-18.36	1.0170215	0.0147256862140168	2.05647235954436 
-18.32	1.0075705	0.014798196004919	1.28109920137647 
-18.27	0.9994485	0.0140469031143972	1.6931851912325 
-18.22	0.998978	0.0145398789541041	1.58698499498446 
-18.17	0.9863355	0.013981415663207	1.37850211992515 
-18.12	1.007352	0.0132001258367208	1.34958508865259 
-18.07	0.9962515	0.0134779852761925	0.655206225839001 
-18.02	0.9902735	0.0155272813477644	1.64852494302659 
-17.97	0.9981615	0.0172787518661688	1.83993999704552 
-17.92	0.98944	0.0131325265136446	0.866883921475054 
-17.88	1.0045595	0.0155223639935214	1.9929797189954 
-17.83	1.012029	0.0129026275985696	0.539259985559047 
-17.78	1.016697	0.0140830155637357	0.9797416382959 
-17.73	0.9953825	0.0152406184689398	1.92189625735797 
-17.68	0.989418	0.0139541620276797	1.52570161723391 
-17.63	1.003986	0.0158013248611761	1.49802575423886 
-17.58	1.003082	0.0113086578849081	0.323177227204614 
-17.53	1.0094475	0.0132030079806399	1.49781852846081 
-17.49	0.995209	0.0163886369170837	1.86669657602775 
-17.44	0.99968	0.013093779961654	0.988443068930617 
-17.39	1.0130375	0.0155228018615062	1.80296410545177 
-17.34	0.9937355	0.0153478836103155	1.59085036415047 
-17.29	0.990846	0.0146079172477048	2.20866856642171 
-17.24	0.983266	0.0132916738480979	0.906378110139779 
-17.19	0.9895835	0.0132360525499585	1.40524281528335 
-17.14	0.988296	0.0141454543191351	1.13759887315654 
-17.09	0.989334	0.0144126188861669	1.94558704800605 
-17.05	0.988885	0.013695950035263	1.06609508940277 
-17	0.99626	0.0132426360867584	0.927745121391886 
-16.95	0.9834415	0.0126115674867831	1.91069510899859 
-16.9	1.004452	0.0153186785193419	2.15773278640121 
-16.85	1.0052025	0.0114041229271191	1.12263110278017 
-16.8	0.993788	0.0126896914648735	1.02754542097478 
-16.75	0.9993515	0.0128350926328849	0.788597405408289 
-16.7	0.9882705	0.0134682060208868	1.9401568254713 
-16.66	0.987846	0.0143789064806385	1.37990975188885 
-16.61	0.9915435	0.0117134840315721	0.815053322691556 
-16.56	0.994786	0.0142013040172188	1.86562860072463 
-16.51	0.987207	0.0143464516427179	2.16141919290766 
-16.46	0.984826	0.011811843922187	2.43805931375712 
-16.41	0.998198	0.0143760025188177	1.40026173224274 
-16.36	0.9845305	0.016102916857383	2.08312415371148 
-16.31	0.9846535	0.0149491465255414	1.43031280239386 
-16.26	0.9823415	0.0142995385553079	1.92062281595179 
-16.22	0.990885	0.0133660908350395	1.21194517365086 
-16.17	0.981302	0.0138359290483718	1.83822892696451 
-16.12	0.98868	0.015323789211206	1.55370026656093 
-16.07	0.996591	0.00939360863342172	0.457749981294431 
-16.02	0.9927125	0.014468501131769	1.38971754505055 
-15.97	0.980301	0.0176802634238532	2.18839301785624 
-15.92	0.978333	0.0140248291480352	1.3600866311165 
-15.87	0.994327	0.0132634353333556	0.832752750292402 
-15.82	1.0039235	0.0148321894877324	1.7022395873193 
-15.78	0.9923475	0.0134960028682959	1.91031766450822 
-15.73	0.99594	0.0116259510080726	1.15093320152759 
-15.68	0.9874375	0.0146291032480499	2.17608083073706 
-15.63	0.9873635	0.0123871624017941	1.30413739867731 
-15.58	0.987656	0.0130212310033309	0.80059638578592 
-15.53	1.0029885	0.0113248823742004	0.901327475736738 
-15.48	1.000606	0.0161692002210831	1.67178926647031 
-15.43	0.993804	0.0119346229627566	0.746960237565577 
-15.39	1.0109485	0.0142891443060807	1.37132923246799 
-15.34	0.9932075	0.0168252888846709	2.5900797910107 
-15.29	1.01464	0.0153034155114402	1.91794837066478 
-15.24	1.0144615	0.0136024793695855	2.10540898532207 
-15.19	1.010403	0.0142878399162954	1.35012195712697 
-15.14	0.9952135	0.0158159583881863	1.81880629509064 
-15.09	1.013942	0.0158289536842093	1.62979893584795 
-15.04	0.9983105	0.0117652496674249	0.981155293614621 
-14.99	0.993017	0.0146929303085747	1.25933569694447 
-14.95	0.999333	0.0172361349617904	2.29148384241265 
-14.9	0.9996	0.0138486997299575	2.07175305311043 
-14.85	0.9957045	0.0152245717163856	1.66203439798697 
-14.8	0.9931785	0.0151752677163587	1.87567411045853 
-14.75	1.005268	0.017077202901745	2.27880319376996 
-14.7	0.998525	0.012175706831314	1.16519892437952 
-14.65	0.9995795	0.0148214302438626	0.968721345744863 
-14.6	1.0001055	0.0150546203696302	1.97973255330669 
-14.55	0.9959635	0.0160194409111324	1.77871761797815 
-14.51	0.9850905	0.0154969808519697	1.67046720081733 
-14.46	0.99017	0.0152136507262738	1.64018124849898 
-14.41	1.0065565	0.01526606566177	1.5340905949457 
-14.36	0.9999785	0.0157225564664944	1.57726835730972 
-14.31	1.002255	0.0134181469816459	1.24435841760115 
-14.26	0.9877785	0.0151641118139264	1.47886478282599 
-14.21	0.984117	0.0124855078517371	0.73846542329781 
-14.16	0.9812835	0.0163956240230515	2.18324661094547 
-14.12	0.988968	0.0128310596026328	1.6279338238358 
-14.07	0.9822845	0.0141888022843071	1.0256778477796 
-14.02	0.999417	0.0129888450521774	0.935552962209726 
-13.97	0.993391	0.0175131469113019	2.24439542740703 
-13.92	0.997385	0.0145722365801331	1.51015782724298 
-13.87	0.9940755	0.0157896136664847	2.10354924158011 
-13.82	1.0063775	0.0143627998571603	1.05446743839442 
-13.77	1.011303	0.0149934480778492	2.05092479848552 
-13.72	0.998108	0.0124033856159051	1.93120649914585 
-13.68	1.00996	0.01465077005341	1.32701144066158 
-13.63	1.007785	0.0135578404195545	1.61359994651865 
-13.58	1.009966	0.0151375049741398	1.3484735620071 
-13.53	1.0076065	0.0140108492830228	1.01603993989242 
-13.48	1.015902	0.0161284304714899	1.90340311527844 
-13.43	0.995394	0.0113426003701927	0.518182422268405 
-13.38	0.9989185	0.0109284945151846	0.725960158893475 
-13.33	1.018693	0.0146885605686516	1.59614658921739 
-13.29	1.0110515	0.0137228396919343	1.41616355233192 
-13.24	1.001932	0.0152110699301874	1.71080726494501 
-13.19	0.99153	0.0129409875162113	1.86343957107968 
-13.14	1.0008355	0.0124414800587644	2.4078373944385 
-13.09	0.992832	0.0143978279063563	1.76461042760069 
-13.04	0.998814	0.0143576399614685	1.42529668024996 
-12.99	0.9975115	0.00959551445372155	0.227271418634231 
-12.94	1.0086785	0.0134675716855439	1.54319818377818 
-12.89	1.0039715	0.0173045540933137	2.05965259015585 
-12.85	1.013136	0.014649335318135	1.57041298487928 
-12.8	0.9956975	0.01360804439912	1.36058271191213 
-12.75	1.005089	0.015681069680216	2.13804618894189 
-12.7	0.9993205	0.0124723401235652	1.21492510370178 
-12.65	0.9975645	0.012144591377928	1.03589732382901 
-12.6	0.9995575	0.0142329990459532	1.7305670928658 
-12.55	0.996144	0.0147787936264308	1.61528875989334 
-12.5	1.005651	0.0179575393637324	2.36028742480127 
-12.45	1.013776	0.0163248417095574	1.9323213716661 
-12.41	1.0052735	0.0132589398937194	0.691272419560001 
-12.36	1.0146445	0.0138418448249464	0.994386725313268 
-12.31	1.0142955	0.0139631531935041	1.28677707027889 
-12.26	1.028229	0.018129168674876	2.38063416160399 
-12.21	1.011501	0.012001996281321	0.560156721236813 
-12.16	1.0075835	0.0140816608152515	0.918692338760404 
-12.11	1.015593	0.0152419349165387	1.7174292655885 
-12.06	1.0213635	0.0159343681112639	1.84879211718646 
-12.02	1.019446	0.0143874263087417	0.857521076066121 
-11.97	1.016874	0.014933489175252	1.60054857299405 
-11.92	1.022454	0.0147891960565813	1.37941675673267 
-11.87	1.018516	0.0128693975649294	1.00032448084862 
-11.82	1.020789	0.0158189216812618	1.93955655677228 
-11.77	1.0118315	0.0147919338883695	1.61580318220855 
-11.72	1.0203855	0.0134056219451707	0.938016534829124 
-11.67	1.0225845	0.0126213263440975	1.25975195935621 
-11.62	1.023094	0.0148034581308415	1.89658901056292 
-11.58	1.015575	0.0125227189329508	1.66350065289408 
-11.53	0.9949075	0.0124519940804253	1.13734991944652 
-11.48	1.0090555	0.0143305031589778	1.90192555383215 
-11.43	1.014068	0.0159320615509468	1.58169838859671 
-11.38	1.0347185	0.0126607899790944	2.00117136327708 
-11.33	1.0313905	0.0136557531639117	1.5455736912318 
-11.28	1.0358635	0.0162675894358271	1.67279879460415 
-11.23	1.0231925	0.014811257409573	2.10264751689379 
-11.19	1.0285695	0.0142957448490617	1.15577172959941 
-11.14	1.0240275	0.013431292556446	1.39309242553273 
-11.09	1.007004	0.0160121734610692	2.38234304522089 
-11.04	1.0102365	0.0138572011585085	0.879533721939969 
-10.99	1.023947	0.0126983679432064	0.753218881391839 
-10.94	1.0269225	0.014769932785009	1.26570095971095 
-10.89	1.0098475	0.0133913982112635	1.44447728637465 
-10.84	1.005236	0.0129660659942953	1.33567672926551 
-10.79	1.0211815	0.0100941188062002	3.16648027295899 
-10.75	1.0192065	0.0135996014937745	0.904545422505611 
-10.7	1.006464	0.0160477161516588	1.54442196584187 
-10.65	1.0225715	0.0145133351656874	1.22130735425637 
-10.599	1.023641	0.0119688960489921	0.6957266611593 
-10.55	1.0111875	0.015706998733384	1.73701712643782 
-10.501	1.015641	0.0129314601691094	1.93415236844577 
-10.452	1.0125205	0.0146480515948817	1.48141990851123 
-10.404	1.010946	0.0122169375092641	1.7535810604043 
-10.355	1.022843	0.0144621721088246	1.64075395171155 
-10.306	1.0132395	0.0167350987841659	2.13964999072854 
-10.257	1.00775	0.015596583296553	1.70280908154577 
-10.208	1.006807	0.0170158749717031	1.77604536485117 
-10.159	1.0309395	0.015289730807241	1.62867289429107 
-10.111	1.01129	0.0142354276367098	0.963077792222433 
-10.062	1.024407	0.0169783242927408	1.70486885179494 
-10.013	1.0043165	0.0133745619800386	2.02020329021042 
-9.964	1.011762	0.0144506527261064	2.04160341804123 
-9.915	1.0090755	0.0140043431139283	1.6936919149995 
-9.866	1.016826	0.0140522653727171	1.40778338222113 
-9.818	1.0138205	0.014135704504626	1.70762913198968 
-9.769	1.0201135	0.0123324946360162	0.707221653331379 
-9.72	1.014116	0.0129131953728286	0.67056180695826 
-9.671	1.0038585	0.0126608855909596	1.06888927491429 
-9.622	1.0096895	0.0154228495814012	1.39093834375706 
-9.573	1.0096015	0.0153575403304045	1.48437268551514 
-9.524	1.0156575	0.014318452899006	1.48381430908196 
-9.476	1.001928	0.0148638022336852	1.4809769841206 
-9.427	1.0115155	0.0146544426441447	1.7126096525362 
-9.378	1.0154995	0.0145258319718247	1.65431282168781 
-9.329	1.0116605	0.0155008632951438	1.41507592428655 
-9.28	1.0217475	0.0145475144829479	1.3708592454148 
-9.231	1.0129585	0.0143378814683341	0.822392493436119 
-9.183	1.011227	0.0153856649275603	1.52974975914268 
-9.134	1.0058615	0.0119528447505846	1.0406898884853 
-9.085	1.01273	0.0164150062923822	1.86048869172867 
-9.036	1.0175865	0.0159482017712607	2.10972471965629 
-8.987	1.006553	0.0162343774620078	1.81534217943241 
-8.938	1.029855	0.0146262361600832	1.82616650923407 
-8.89	1.0263895	0.0155714646152235	1.36466557820503 
-8.841	1.027591	0.016669933192175	1.67137348200378 
-8.792	1.008128	0.014904850711659	1.84917683343879 
-8.743	1.029908	0.0137250200268285	0.951534106123342 
-8.694	1.017016	0.0149017125119724	1.66841755531969 
-8.645	1.024803	0.0151855568845774	1.15259392706475 
-8.597	1.036092	0.0142108181919343	1.58342096432289 
-8.548	1.037246	0.0117694043135044	1.14288216551541 
-8.499	1.0424285	0.0184386111690144	2.16046747744537 
-8.45	1.025993	0.0137537313980033	2.03667262875155 
-8.401	1.0296295	0.0156660126505892	1.69517979017869 
-8.352	1.039291	0.0133904706493285	0.648880964505304 
-8.303	1.0320555	0.0145989226260743	1.04993028124317 
-8.255	1.039671	0.0157840325379129	1.65452692140638 
-8.206	1.027425	0.0162157358597655	1.47974164666078 
-8.157	1.047147	0.0137189899505451	1.65469922685968 
-8.108	1.0234895	0.0157205656370045	1.7148177360585 
-8.059	1.035263	0.0121802826429914	1.7658186949804 
-8.01	1.0395925	0.012587813185358	1.69623181044557 
-7.962	1.02322	0.0153408090090657	1.65343108191343 
-7.913	1.0265385	0.0138539347536321	0.89914012002183 
-7.864	1.042327	0.0173047185837608	1.66531508460793 
-7.815	1.0422325	0.0160015837620761	1.64810854242938 
-7.766	1.040069	0.0133842786408847	1.66648027144095 
-7.717	1.0315235	0.0151481460651304	1.29935210336559 
-7.669	1.022666	0.0158162795545403	1.85026783065372 
-7.62	1.040857	0.0145384709613748	1.09396792952422 
-7.571	1.0357125	0.0141717331239634	1.3752162909541 
-7.522	1.050295	0.01623302076503	1.85516218415643 
-7.473	1.05011	0.0127807560932751	1.82130741619284 
-7.424	1.0462655	0.0148241717528466	1.31866259026154 
-7.376	1.0560515	0.0153359825505076	1.5719159425645 
-7.327	1.056877	0.0157257981472617	1.5547647389311 
-7.278	1.0626485	0.0136967019752932	1.50852423241038 
-7.229	1.0779115	0.015794569444824	1.69249764979015 
-7.18	1.058267	0.0143424567006676	1.43601901488424 
-7.131	1.0630875	0.0167406844087595	1.40763837705148 
-7.082	1.0737495	0.0155859118150099	1.2411092622773 
-7.034	1.0777705	0.0151190996233589	0.989621190803707 
-6.985	1.0833645	0.0131362685861862	0.877169980050119 
-6.936	1.0840745	0.0126070554494403	1.23871443236762 
-6.887	1.077067	0.0144006133275818	1.64153144208377 
-6.838	1.0772665	0.0151522366856826	2.13613780406026 
-6.789	1.0949065	0.015566223648792	1.4322220624545 
-6.741	1.093685	0.015200480774945	1.72167807683346 
-6.692	1.0887305	0.0198339139314989	2.43928416246386 
-6.643	1.0849085	0.0143837621442046	1.33529483816379 
-6.594	1.101506	0.0183469766331935	2.19426330893384 
-6.545	1.107648	0.0151988360357662	1.61128186277774 
-6.496	1.101628	0.0164436737475477	1.16079044712721 
-6.448	1.101153	0.0136174227022822	1.38300940477833 
-6.399	1.108535	0.0161032989428286	1.53591790544635 
-6.35	1.111972	0.014493922719177	1.11862158015312 
-6.301	1.110796	0.0146084047185534	1.11083447253774 
-6.252	1.118191	0.0160692776177989	2.078055083826 
-6.203	1.130208	0.0157336269449261	1.53791410062717 
-6.155	1.1187165	0.0169471330520596	1.4175037378296 
-6.106	1.135432	0.0161673298254292	1.20219232672474 
-6.057	1.12436	0.0148560878890918	2.13385660820822 
-6.008	1.1379755	0.0160671425013253	1.04268003237279 
-5.959	1.155495	0.0152631287749268	2.3548742778308 
-5.91	1.12258	0.018336483907916	2.28940409533417 
-5.861	1.1304725	0.0147877406106687	1.61823482684821 
-5.813	1.142194	0.0134073983504003	0.725891581364003 
-5.764	1.142169	0.014064413060517	1.32795633011765 
-5.715	1.125168	0.015106658552823	1.4863854323342 
-5.666	1.1344765	0.0179554947681321	1.80333705201085 
-5.617	1.1523925	0.0162465467990812	2.50671238621707 
-5.568	1.153683	0.0181771829500613	1.99713958856409 
-5.52	1.167225	0.0149820701612223	1.58583286668537 
-5.471	1.1601305	0.0191450052507862	1.80655041638213 
-5.422	1.141972	0.0189630531630104	1.93519380118555 
-5.373	1.1683965	0.0183678862420258	2.09613939128713 
-5.324	1.1486305	0.0161338543947681	0.805514544257731 
-5.275	1.1711225	0.0178931568439475	1.92712165304998 
-5.227	1.174352	0.0146772676361494	1.5840044127263 
-5.178	1.180431	0.0166014850001597	1.06975492313402 
-5.129	1.1857145	0.0176119201484617	1.14863755851595 
-5.08	1.1810565	0.0195460455752968	1.96765982374148 
-5.031	1.2028905	0.0172251705285272	1.28026942627654 
-4.982	1.182629	0.0194650106871954	2.13997788253573 
-4.934	1.190292	0.0156300010438764	0.828519483282955 
-4.885	1.179126	0.0177620699955359	1.66064374492166 
-4.836	1.1832175	0.0147218608931716	1.50540800928753 
-4.787	1.209695	0.0185210175064353	1.81230469560982 
-4.738	1.2113575	0.0176374195137856	1.46919642659857 
-4.689	1.197045	0.0196411797533973	1.53132896568653 
-4.64	1.201077	0.0200597153519186	1.69467878063984 
-4.592	1.2142655	0.0190481438451984	1.0746794787066 
-4.543	1.2188465	0.0183037287759971	1.43319177085597 
-4.494	1.2400775	0.0189845238563581	2.23778617009337 
-4.445	1.2479695	0.0184721943172634	1.58122673654696 
-4.396	1.235243	0.0193725136537094	1.48720839948871 
-4.347	1.226118	0.0159043743072547	1.83655942666997 
-4.299	1.2559985	0.0188650144796072	1.91694568740863 
-4.25	1.247749	0.0191222867769246	1.56128747377071 
-4.201	1.263919	0.016069853731362	1.90980976067955 
-4.152	1.256177	0.017936552535036	1.55755427572666 
-4.103	1.273636	0.0204688354642651	1.76722348975602 
-4.054	1.2742295	0.017234379800424	1.38026567474415 
-4.006	1.2851495	0.020745096687626	1.82612253266055 
-3.957	1.292552	0.0191305299125989	1.60619933588474 
-3.908	1.2739195	0.0177207043566202	1.37309015271158 
-3.859	1.2768315	0.0196828617075871	2.07327183178772 
-3.81	1.27654	0.0193959189956086	1.96099122641666 
-3.761	1.3037445	0.0193034718652535	1.16316714729165 
-3.713	1.280146	0.0175608339329615	0.980345238384811 
-3.664	1.3051115	0.0206110088813057	1.87459945079261 
-3.615	1.2818235	0.0191240309764828	1.30425118234783 
-3.566	1.2746155	0.0180775450927096	0.990977714446249 
-3.517	1.290269	0.0186146840452709	1.29819964605378 
-3.468	1.287674	0.017712162458248	1.32198108680994 
-3.419	1.2787425	0.0158679670289416	1.33675374197569 
-3.371	1.278629	0.0204302775569161	1.6870290467414 
-3.322	1.282605	0.0186470659467127	1.43518436196264 
-3.273	1.280203	0.0167027161673909	1.88459244689861 
-3.224	1.2633005	0.0199376708968092	1.4617052881085 
-3.175	1.2527255	0.0162807963968533	1.21529893156759 
-3.126	1.251872	0.0176018418892665	2.11854291625345 
-3.078	1.2531275	0.0177540331592867	0.868084985110385 
-3.029	1.2357915	0.018038025120926	1.74967842017871 
-2.98	1.2341385	0.0173995006809784	1.22464079430067 
-2.931	1.2330955	0.018148252772215	1.34743590330719 
-2.882	1.2092925	0.0182757564102946	2.99458280148845 
-2.833	1.2164985	0.0194043994672397	2.48261085511317 
-2.785	1.1946605	0.0164776060074527	0.656719511706577 
-2.736	1.1596315	0.0157656953625001	1.02832049973214 
-2.687	1.152183	0.0156537041521874	1.21143156477445 
-2.638	1.136047	0.0139482932742023	0.946198969440603 
-2.589	1.1326605	0.0187312945221008	2.01513066912496 
-2.54	1.102921	0.0160050860008541	1.14474628368963 
-2.492	1.1002995	0.0166474655807771	2.36133968757711 
-2.443	1.058316	0.0167030338876694	1.59101925200611 
-2.394	1.041399	0.0150169314617307	2.00601788407977 
-2.345	1.0203695	0.016145817928459	1.68066909203938 
-2.296	1.012362	0.0130641677882673	1.69883134465469 
-2.247	0.97302	0.015194013710392	1.97015849739284 
-2.198	0.960366	0.0148893753712964	1.9354845144994 
-2.15	0.937472	0.0143596190390751	1.50959909230161 
-2.101	0.911372	0.0140648002586524	2.25024218311107 
-2.052	0.885751	0.0117347365139841	1.25255284591711 
-2.003	0.8471645	0.0105173338001205	2.16618685036616 
-1.954	0.839365	0.0129703928033689	2.16739287210176 
-1.905	0.8003905	0.0121491730171234	1.42520041954781 
-1.857	0.7659295	0.00932573940909328	0.93883754680329 
-1.808	0.7441465	0.0107987242302042	1.80749530827502 
-1.759	0.710091	0.0106092927984956	1.2107202973647 
-1.71	0.679686	0.00859000361497381	0.775935473267419 
-1.661	0.6452495	0.0107613139850211	2.18846174756717 
-1.6124	0.619763	0.00927274393046633	1.42438586301331 
-1.5636	0.58809	0.00996040424036991	2.07189915730997 
-1.5147	0.569108	0.00839793370575855	1.67769345595788 
-1.4659	0.542744	0.00912585303871428	1.77908885379622 
-1.417	0.5166605	0.00601927472025449	1.0281119446231 
-1.3682	0.485062	0.00620253055318214	0.74296556294197 
-1.3194	0.469881	0.00664868637599307	1.08354893759192 
-1.2705	0.436338	0.0063552643739783	1.20394311341956 
-1.2217	0.4236245	0.00658481145076342	1.05010340781512 
-1.1728	0.4025645	0.00532409070566095	0.790398267682457 
-1.124	0.3800815	0.00472618492521911	1.77392278556682 
-1.0752	0.363034	0.00534162443259982	1.2686968471152 
-1.0263	0.332089	0.00507141722120937	1.70608461661242 
-0.9775	0.310757	0.00459028848995928	1.54229753325484 
-0.9286	0.297908	0.00439940857269175	1.78302558407609 
-0.8798	0.2767875	0.00405020191179598	1.8080805304253 
-0.831	0.26392	0.00342285045877817	1.22078842745967 
-0.7821	0.2447665	0.00342477855603756	1.48988797598731 
-0.7333	0.2301495	0.00326525645805075	1.35618088222917 
-0.6844	0.216797	0.00298707760722398	2.13654698450489 
-0.6356	0.208894	0.00288991604321684	1.53351087345762 
-0.5868	0.192485	0.00305304248595604	1.65378556320474 
-0.5379	0.1794855	0.00255123391198929	1.81888194203071 
-0.4891	0.1696595	0.00261672449930503	1.98558368026889 
-0.4402	0.1605045	0.00212026680297303	1.24793986659988 
-0.3914	0.152591	0.00224021826944092	1.67465665427644 
-0.3426	0.1461335	0.00201000464780819	2.23154703724759 
-0.2937	0.1378345	0.00220185442178561	2.30279457369458 
-0.2449	0.1303695	0.00174311721682133	2.96839893417911 
-0.196	0.12877	0.00206874230798379	1.96802932787218 
-0.1472	0.123694	0.00178371109296262	1.49138734769754 
-0.0984	0.12394	0.00160153216113754	1.84111881983085 
-0.0495	0.121732	0.00167707326519807	1.29946386184152 
-7.00E-04	0.121168	0.00157381735046719	0.716052623728251 
0.0482	0.1202255	0.00153154024639112	1.08450042866986 
0.097	0.1226705	0.00159491783322428	1.35316483231134 
0.1458	0.124432	0.00195900511807182	1.85384740652933 
0.1947	0.1283975	0.00209401119737619	1.56502968310155 
0.2435	0.1313135	0.00181537374722267	1.23053007542404 
0.2924	0.1348965	0.0016658245153045	1.73619382009511 
0.3412	0.1455725	0.00231210060562388	1.99690127838117 
0.39	0.1529075	0.002153777281649	1.29066065980299 
0.439	0.159085	0.00225010759976636	0.981569023238846 
0.488	0.172241	0.00274429724491008	1.69049896891554 
0.537	0.179489	0.00275350092943893	1.78288383076914 
0.585	0.1931985	0.00267208232421242	0.787223292222739 
0.634	0.203162	0.00260010242713224	0.415488106777782 
0.683	0.2192195	0.00282202889872927	1.5675049790658 
0.732	0.234023	0.0028073551891228	0.563846830497329 
0.781	0.24357	0.00314930401667951	1.50987215089338 
0.83	0.25939	0.00271328699473341	0.0920193520501104 
0.878	0.2774445	0.00466156905479599	1.46060025442944 
0.927	0.294382	0.0040888881515382	1.97407513354502 
0.976	0.313848	0.00405225810992757	1.86012103305213 
1.025	0.3312975	0.00475981409964275	1.26423890105814 
1.074	0.366753	0.00515506812451796	1.09174523312273 
1.123	0.380395	0.00660641833052485	2.10186840044482 
1.171	0.4073635	0.00645971506215333	1.91080739279747 
1.22	0.4183445	0.00657721383582024	1.77392297838123 
1.269	0.4374605	0.00621599843781732	1.3169447283474 
1.318	0.457732	0.0061563972718158	0.989366223235989 
1.367	0.477976	0.00655046595369568	1.86530637750915 
1.416	0.5145	0.00710876627093175	1.44774181239813 
1.465	0.537674	0.00757143482195798	0.97691359551206 
1.513	0.578688	0.00941578942661292	1.83567251559169 
1.562	0.6006275	0.00928413750493423	1.5833638579608 
1.611	0.629632	0.00838864307451324	1.66557427329031 
1.66	0.6569695	0.00720152430867389	0.105631245527773 
1.709	0.6877325	0.00911211332296335	0.880235622774417 
1.758	0.700983	0.0112600047209488	1.90982914886202 
1.806	0.735806	0.0117480383132899	1.58086294771655 
1.855	0.76526	0.0122605275923227	2.19658858742403 
1.904	0.796103	0.0124672565251204	2.1357766484585 
1.953	0.8201325	0.0117964802399967	1.5940241139011 
2.002	0.8634705	0.0123372493202283	1.3915684598093 
2.051	0.881303	0.0113503591874535	1.07708451798464 
2.099	0.908505	0.0118492524747566	1.95846837085642 
2.148	0.936769	0.0128538771132334	1.14985677868362 
2.197	0.9622065	0.0151912035748532	1.67076268140618 
2.246	0.9770055	0.0127713056147468	1.00831216128838 
2.295	0.999104	0.0146545697561151	1.11886616833315 
2.344	1.0263755	0.0144264543096136	3.46920390262212 
2.392	1.0380865	0.0140035327403669	1.20168295857327 
2.441	1.0646925	0.014553219529857	1.39663684448717 
2.49	1.083894	0.0167129575951998	2.62651304570184 
2.539	1.1064915	0.0145848671664557	2.5982297296466 
2.588	1.117187	0.0166087973201268	1.55946063223919 
2.637	1.12637	0.0132265112558074	1.11578588884407 
2.686	1.1671555	0.0159772491127392	0.854195666467506 
2.734	1.1760005	0.0167711216318252	1.37108947598316 
2.783	1.1815045	0.0159652416781615	0.924833928987902 
2.832	1.21535	0.0158215792012382	1.10299181580606 
2.881	1.2283635	0.0171919498526735	1.35257925394413 
2.93	1.219107	0.0186744263915289	1.78715466417543 
2.979	1.2175175	0.0191418414323453	1.98312100701668 
3.027	1.242265	0.0175451251289204	1.48517531484408 
3.076	1.2422605	0.0164671741975553	1.00696201242779 
3.125	1.2521445	0.0177670841356766	1.33393195679244 
3.174	1.2730105	0.0173493483799976	1.3579478979845 
3.223	1.2663535	0.0194871521170124	1.3599888546428 
3.272	1.2767385	0.0186405588562598	1.75927865773864 
3.32	1.279037	0.017373354401436	1.71803844203295 
3.369	1.3040885	0.0179897907524182	1.30886732584508 
3.418	1.2999295	0.0206932792229748	1.36400408210985 
3.467	1.299903	0.018796270654742	1.30045835254345 
3.516	1.298384	0.0182373184201487	1.69514503934283 
3.565	1.2876615	0.0168211371650764	0.90757026446814 
3.613	1.285054	0.0197070124842055	1.68569582149324 
3.662	1.307612	0.0151109317696616	1.42374247006239 
3.711	1.3027345	0.018937129353677	1.47285770815102 
3.76	1.302375	0.0179014087948995	1.56822823181654 
3.809	1.2878225	0.0159491708660917	1.03172774512666 
3.858	1.2936405	0.0196663644126343	1.98107733627996 
3.907	1.2693945	0.0198688448198098	2.99703270007662 
3.955	1.273924	0.0198978783317534	1.99893315246974 
4.004	1.2617715	0.0149553575244529	1.39309306555354 
4.053	1.283822	0.0173567210097566	1.27755860858687 
4.102	1.254687	0.016504580257422	1.40691852213595 
4.151	1.244587	0.0159719240840723	1.40884386661825 
4.2	1.2665065	0.0169808134065294	1.1551147704729 
4.248	1.2525155	0.0161431808888622	1.13525591692652 
4.297	1.261171	0.0141612056801598	1.08248052622305 
4.346	1.247937	0.0165220392203868	1.48730669362929 
4.395	1.2328495	0.0184084764442905	2.37821679498075 
4.444	1.2454805	0.0177382979884293	1.24716769495023 
4.493	1.241838	0.0164460645108408	1.38962976319865 
4.541	1.2157935	0.0168866126593009	2.12609765373642 
4.59	1.235575	0.0187814630056228	2.49428192505742 
4.639	1.209123	0.0197294082126417	2.33644612497634 
4.688	1.207824	0.0219616887472612	2.38000164853022 
4.737	1.2196675	0.0165287541718571	2.34854203923508 
4.786	1.209593	0.0177952619655079	2.21490392123409 
4.834	1.1857045	0.015947718356852	0.927782524192117 
4.883	1.1854375	0.0140294741901695	2.11507371693979 
4.932	1.190461	0.0161641129145954	2.25157055262216 
4.981	1.194218	0.0164389792230156	0.688129869221455 
5.03	1.1902135	0.0175053294967411	0.765908941939498 
5.079	1.1765555	0.0186204368412208	2.09126904538213 
5.128	1.182026	0.0169565576198646	0.928450132372531 
5.176	1.1691725	0.0132938544863882	0.788942503840071 
5.225	1.156318	0.0132350012824846	1.5198853720351 
5.274	1.18092	0.0173315744721653	1.44003326977364 
5.323	1.165919	0.0154824389143585	0.935137932578236 
5.372	1.15715	0.0159986726423097	2.02926941048526 
5.421	1.1577745	0.0145606468461723	0.278546901321624 
5.469	1.1610695	0.0160911487519659	1.22365955499657 
5.518	1.138169	0.0165629271821772	1.30779510511066 
5.567	1.139056	0.0148636913315636	0.90462339701042 
5.616	1.1493085	0.0160325538153504	1.24887335601354 
5.665	1.134112	0.0161412699559072	1.76887456598367 
5.714	1.1285225	0.0152528223013937	1.68546221273902 
5.762	1.1298215	0.0174477443195992	2.84361902012792 
5.811	1.128785	0.0136929046167022	1.14935404453556 
5.86	1.1418385	0.0168657189760457	1.37270565040416 
5.909	1.1459025	0.0155300892582245	0.94511413499702 
5.958	1.1388605	0.0169037319065472	1.34450032601959 
6.007	1.1390345	0.0184777417949842	2.05163287155915 
6.055	1.1431835	0.0169476886407309	1.55458433509526 
6.104	1.1155165	0.0133984151753305	0.507099670980166 
6.153	1.112432	0.0148813166508598	1.53394783335002 
6.202	1.109031	0.0171058973825742	1.81048824966366 
6.251	1.126928	0.016418398088409	1.29640872735066 
6.3	1.1229845	0.0157754357601003	1.19234665211819 
6.349	1.1090045	0.0165421412331943	1.63282238680863 
6.397	1.102192	0.0160833973237524	1.7362972093813 
6.446	1.1116325	0.0160737762487456	1.76623198428014 
6.495	1.0906925	0.0166373343243758	2.3223337433996 
6.544	1.110404	0.0122728092267333	0.604857669888375 
6.593	1.09116	0.014242272881886	2.02067273674333 
6.642	1.109884	0.0125936798685523	0.781842624430572 
6.69	1.0868085	0.0148214539648301	1.14470500153493 
6.739	1.093087	0.0168074538915265	2.22279295038632 
6.788	1.079674	0.013866344108934	0.678865951906681 
6.837	1.0886035	0.0161156766681913	1.95040083611574 
6.886	1.0876415	0.0160429887210975	1.71453642634116 
6.935	1.095719	0.0149027930621287	1.86116285330586 
6.983	1.078789	0.0152711730152978	1.80686582803437 
7.032	1.0845085	0.0137259298505842	1.39817726195588 
7.081	1.063707	0.0129795576520198	0.456675838230261 
7.13	1.0678815	0.0150159992832207	1.29371324547903 
7.179	1.07398	0.0139379538632734	1.59483198582863 
7.228	1.0728405	0.0184685566286965	2.20678194401641 
7.276	1.048848	0.0135881053247239	1.72290565652344 
7.325	1.044481	0.0170868246873062	1.78696823773938 
7.374	1.064379	0.0136177851588127	1.51788780907216 
7.423	1.0501855	0.0150557918475879	1.0542893345019 
7.472	1.0575035	0.0163012451171197	1.62425540607542 
7.521	1.034901	0.011696618899674	0.849901857786949 
7.57	1.0359495	0.0138059378815593	2.76026590849832 
7.618	1.038217	0.014877078483712	1.71676512956222 
7.667	1.053313	0.014567387187608	1.89827323652876 
7.716	1.0240925	0.0161813173216261	1.83644309589518 
7.765	1.0279985	0.014572438756632	1.50284323709988 
7.814	1.0275665	0.0179058115455643	2.07491591865395 
7.863	1.02158	0.0136658360038532	1.05017864779835 
7.911	1.0337555	0.0149019202136044	1.98449925862481 
7.96	1.037656	0.0142401380093845	1.2143970017799 
8.009	1.0331065	0.0134157281125354	0.587853414563509 
8.058	1.029442	0.0167904200756202	2.20522139450717 
8.107	1.0281105	0.0150105140257018	1.54628376312658 
8.156	1.025604	0.0158570692852049	1.46207927478507 
8.204	1.0230345	0.0155744029115928	1.86431679482498 
8.253	1.020654	0.0139738234228371	1.30283294049258 
8.302	1.0287595	0.0144504716641288	1.70907236247274 
8.351	1.0398135	0.0134817097443751	1.78141253387232 
8.4	1.0124165	0.0146260813455387	1.75165729734167 
8.449	1.017435	0.0142475828051454	1.08819558928772 
8.497	1.0126935	0.0157538360491392	1.54698499986584 
8.546	1.0183725	0.011320330511727	5.15209503270616 
8.595	1.0219055	0.0112567848429292	2.13028101971368 
8.644	1.0172355	0.0161939077157202	2.07655755363602 
8.693	1.013626	0.0132420833946769	0.810309534570652 
8.742	1.022188	0.011864754350153	1.23567079568765 
8.791	1.004967	0.0144109823252597	1.62619111028562 
8.839	1.021613	0.0141214048428916	1.6951829390457 
8.888	1.0196715	0.014179931435882	1.73145197355572 
8.937	0.9941595	0.0166364876337968	2.33827525144438 
8.986	1.018365	0.0140797916028238	2.15645388435231 
9.035	1.010781	0.0149787926925475	1.71871872119326 
9.084	1.01139	0.0129159489330868	1.06277459079819 
9.132	1.0107125	0.016068002487782	1.60860374969055 
9.181	1.022497	0.013366696281194	1.981575896452 
9.23	1.012435	0.0128503710779925	0.697585290823683 
9.279	1.0184035	0.0133317939231945	1.47735815125695 
9.328	1.0252545	0.0116459224736883	0.636569663706309 
9.377	1.0450255	0.0133056578685832	1.36399376770373 
9.43	1.0310275	0.0113470881379553	0.577075521469474 
9.47	1.0144835	0.0147695227713944	1.39148101620561 
9.52	1.0134785	0.0162114151708636	1.94307589279071 
9.57	0.9973655	0.0123342302791438	0.134399609595721 
9.62	0.9924865	0.0151511674988744	1.93216244278835 
9.67	0.993074	0.014245920339374	1.27951266586203 
9.72	0.9929435	0.0137124281987277	0.737747713772363 
9.77	1.0051345	0.0119641989966558	1.19159249507277 
9.82	1.0083235	0.0121212598246569	0.844163793845024 
9.87	1.0041165	0.00943106918926117	0.295308815769688 
9.91	1.0129185	0.0148419800335329	1.18130433515466 
9.96	1.0179695	0.0147507375283943	1.70745664890253 
10.01	1.0009345	0.0120197239109198	0.579269263154464 
10.06	1.0140325	0.0162395660024327	2.21643188335959 
10.11	1.0118545	0.0163787643242545	2.08782701845604 
10.16	1.014462	0.0122103944502862	0.56162970192435 
10.21	1.012599	0.0130654783786572	1.50954488031735 
10.26	1.016828	0.0142290431678902	1.39807820469913 
10.3	1.004191	0.0143939866464766	1.7125306428051 
10.35	0.997253	0.0136608723232295	1.7433419029999 
10.4	0.989691	0.013450248246584	2.37973343210081 
10.45	1.010948	0.0148591239381912	1.79761915314695 
10.5	0.9914135	0.0128945815935874	0.702337636915672 
10.55	0.9921905	0.0167703646745022	2.15538951033271 
10.6	0.9953065	0.0149499569705418	1.79791125554617 
10.65	1.010547	0.0150602048284107	1.82996735386148 
10.7	1.005876	0.012410950343187	1.54892885265167 
10.74	1.002115	0.0135641829055324	1.57675805870716 
10.79	1.0087995	0.0162572751244999	2.08104185169466 
10.84	1.0022325	0.0112983444874855	0.73564748718893 
10.89	0.995015	0.016058064869978	1.09449348840384 
10.94	1.011339	0.0130492253853589	0.95201017842211 
10.99	1.0099055	0.0104838444510439	1.39271802388716 
11.04	1.016759	0.0148161948733916	1.66526029809776 
11.09	1.015899	0.0121214237916526	0.272632846007348 
11.13	1.015488	0.0151876222455552	1.50944846979671 
11.18	1.0105555	0.0162303093575602	2.06734897610411 
11.23	1.002999	0.0128721665865378	1.04464294704734 
11.28	1.0053905	0.0142834805116371	1.5519865926101 
11.33	1.007426	0.0129219887666029	1.79703063493009 
11.38	1.008672	0.0136158613388944	0.818054114329597 
11.43	1.0035815	0.0122853405475152	0.777281949035828 
11.48	1.007897	0.0141371950988574	1.62333641703737 
11.53	1.01348	0.0146388081913507	1.26282322089311 
11.57	1.016973	0.0138632369198083	1.21177244785054 
11.62	1.0078125	0.0157672892156682	1.39477022948381 
11.67	0.994664	0.0130855908701538	1.90697735240404 
11.72	1.009165	0.0168315791860044	1.87487506516175 
11.77	0.9913905	0.0147069881259503	0.948883307681683 
11.82	0.9921945	0.0138558152241691	1.55222392887794 
11.87	0.992404	0.0135700108210793	1.34592063145724 
11.92	1.002291	0.0141084774440573	0.854596130304093 
11.97	1.0084215	0.0143050327084378	1.06109884088999 
12.01	0.989785	0.0131755605093993	0.866003583997769 
12.06	1.010043	0.0153587575223902	1.12844293113358 
12.11	1.0055265	0.0151147798963726	2.43310185570888 
12.16	0.9997725	0.0140542190237815	1.01973565773132 
12.21	1.0173975	0.0134701603456248	0.728503032225023 
12.26	1.008819	0.0142942549740502	2.02929028292635 
12.31	1.0057335	0.0101072560048397	1.29365308196205 
12.36	0.993284	0.0124775433648236	1.45909807013908 
12.4	0.987926	0.0133523459007259	0.960255431735017 
12.45	1.0082515	0.0143006887117921	1.83190194864165 
12.5	1.0087355	0.0154945258499829	1.53110131136005 
12.55	1.011689	0.0140132553413958	1.5939166681668 
12.6	1.0094055	0.0147295043954928	1.88787579230785 
12.65	1.000311	0.0149149698378226	1.69142431295899 
12.7	1.00384	0.0152301812547531	1.95013371872813 
12.75	0.988418	0.0163043218681105	1.79484579656501 
12.8	0.995712	0.0135414403338711	1.00003054307452 
12.84	0.995608	0.01523012340552	1.25485458817542 
12.89	0.997328	0.0150512096383961	1.22273750560378 
12.94	0.988301	0.0138982614967333	1.6470023930549 
12.99	0.980656	0.0149877463633674	1.72487561378652 
13.04	1.0006775	0.0148906540363941	1.68388037310662 
13.09	1.005053	0.0157470371816415	1.82824928228634 
13.14	1.0093775	0.0137243950590488	1.11321485266086 
13.19	0.9940645	0.0165048287910252	2.0408790931914 
13.23	1.012364	0.0137481384002957	1.38139819105693 
13.28	1.007548	0.015801999407137	2.33523401757251 
13.33	1.003472	0.0138777814092205	1.75574112714919 
13.38	0.9973805	0.0162490260355894	2.05357492773663 
13.43	0.9867005	0.0159718434736685	1.64130747341742 
13.48	0.9830835	0.0140316027801156	1.06025386582556 
13.53	1.001323	0.0141742231198973	2.02521587813648 
13.58	0.994932	0.0117535399370841	1.11043979224823 
13.63	0.9936255	0.012885845549529	2.58774598156196 
13.67	0.972954	0.0131153447293017	1.43703756909501 
13.72	0.9811645	0.0142741125542195	1.21252382731557 
13.77	0.975212	0.013523815095484	1.71315720157643 
13.82	0.9760615	0.0129136228660402	1.54759665622728 
13.87	0.9988975	0.00970815060440943	1.13025185973975 
13.92	0.984692	0.0130180799780839	1.9105017695999 
13.97	0.982081	0.0126333843030032	0.808176558980227 
14.02	0.9951735	0.0128472377842169	1.41218236387363 
14.07	0.9860375	0.012759121350296	0.639716721569653 
14.11	0.987308	0.0129337402902152	2.55745423733028 
14.16	0.9823155	0.0140667051747623	1.95211030246614 
14.21	0.997854	0.0158253828090391	1.88300476684874 
14.26	0.9858435	0.0151730919289448	1.31970542289581 
14.31	1.007073	0.0129671958986392	0.724402819162357 
14.36	0.9882795	0.014747550545947	1.27102268714951 
14.41	0.9999945	0.0123369468521016	0.634462750800394 
14.46	0.980764	0.0117614130013988	2.28212605372778 
14.5	0.976815	0.01152126523571	1.04458688783667 
14.55	0.974716	0.01574679462788	1.70084101138564 
14.6	0.9878625	0.0135835228648923	2.25528088019824 
14.65	0.9825085	0.0136308053880288	1.01627244647075 
14.7	0.9757905	0.0152251396934219	1.84002141061329 
14.75	0.994363	0.0130441566268296	0.874296323392254 
14.8	0.990971	0.0133482377705429	1.83765388788356 
14.85	0.9824585	0.013010601456626	2.16836575083379 
14.9	0.98123	0.0168404794281048	2.28210427359623 
14.94	0.9959275	0.0116408210395008	1.17908995314394 
14.99	1.0042665	0.0150607084739345	1.34405518045356 
15.04	1.009991	0.0163561502676806	1.90617813924222 
15.09	1.0050005	0.0146623719898392	1.90139289853896 
15.14	1.000207	0.0129378998946587	1.69507201977795 
15.19	1.0051095	0.0156349959941422	1.4338775277711 
15.24	0.991456	0.0137058629022304	1.28325795779322 
15.29	0.9924415	0.0159639845557034	1.65596460971924 
15.34	1.0117585	0.014303027384733	1.4424186503204 
15.38	1.0115115	0.0159986733907271	2.19715186742022 
15.43	1.0032455	0.0157064054901512	1.73935413294699 
15.48	1.007198	0.0121485007088811	1.29739451209949 
15.53	0.998842	0.0140672234195964	0.782846261323275 
15.58	0.9962095	0.0155942734006666	1.67034602869682 
15.63	1.00453	0.0137509551821338	1.61773258206038 
15.68	0.986626	0.0146142642647517	1.20432092633428 
15.73	0.9950155	0.0133531515992135	0.727047442729823 
15.77	0.999956	0.00961637112866441	1.01434549934679 
15.82	0.9952575	0.0123626065532101	1.203513588871 
15.87	0.9884895	0.016035641051962	1.85686062455284 
15.92	0.9980725	0.0107084486443378	0.687723644150483 
15.97	1.0071915	0.0140471507787166	1.02985366406537 
16.02	0.988145	0.0173176950879121	2.13432340646669 
16.07	0.983181	0.0127524139716864	0.460113520635246 
16.12	0.987024	0.013112497614269	0.978538934241547 
16.17	0.994059	0.0146157949529016	1.56463870876296 
16.21	0.992583	0.012962293940909	0.80328403659687 
16.26	1.007756	0.0129832351008603	1.4018167800931 
16.31	1.010753	0.0139256261694233	1.16253428315478 
16.36	1.0052195	0.0134088279934487	0.476158351804383 
16.41	1.0022535	0.0132397818693273	1.05419522171627 
16.46	1.006582	0.0139475772655665	1.57296700096784 
16.51	1.0069915	0.0154208175341339	1.81442924410832 
16.56	0.999359	0.0146833553816271	1.57783030798997 
16.6	1.0036405	0.0143354351080406	1.3396432345131 
16.65	0.992428	0.0135343467946515	1.83638082400959 
16.7	1.010478	0.0154264958670737	1.02271104901655 
16.75	1.004237	0.0133873809788802	1.13601921594539 
16.8	1.0006285	0.0158911492330595	1.55345828582099 
16.85	1.003915	0.0144332024020641	2.88494899497902 
16.9	1.005847	0.0139449598893575	1.05656467132972 
16.95	0.987637	0.0144888265842846	1.54030855157566 
17	0.988599	0.0108965368230847	1.36172633971742 
17.04	1.0091945	0.0144088936260323	1.26161159259742 
17.09	0.9899085	0.0142726574352206	1.45540592736413 
17.14	0.9966115	0.0156360528990905	1.81450168638965 
17.19	0.997652	0.0140203467184397	1.64959108640961 
17.24	0.983187	0.0143816447708803	1.39528138663455 
17.29	1.0125185	0.0125889133660075	1.08643786501803 
17.34	0.992508	0.0149142074969861	1.74479846234551 
17.39	0.9969145	0.0146552661542748	1.84343264170595 
17.44	1.0048235	0.0135614578765279	1.49950699579262 
17.48	1.0056865	0.0130054042511889	0.847649733710958 
17.53	1.0118505	0.013131276634533	0.814944418210192 
17.58	0.991669	0.0170310289271021	1.73938234957096 
17.63	1.00781	0.0120189578320427	2.41249638418812 
17.68	0.999678	0.0148367203071866	2.26567341558751 
17.73	1.010437	0.0124318432812041	1.54516463969757 
17.78	0.9964975	0.012257821938836	0.879031758913133 
17.83	0.9954485	0.0150780748020708	1.24128999547446 
17.87	0.9957855	0.0134756726128391	1.06816939496356 
17.92	0.999604	0.0153302931616148	1.53042895791 
17.97	0.9880565	0.0148320464837033	1.22503584204208 
18.02	0.9974685	0.0146126445875517	1.90430350031362 
18.07	0.998437	0.0133783419238551	0.643490790741192 
18.12	1.0121715	0.0152547722558859	1.73403960335458 
18.17	0.9962175	0.0124739952132004	1.2209521580029 
18.22	0.9910655	0.0167028681668748	2.22256536066534 
18.27	0.9836815	0.0145195865081765	1.22440076900532 
18.31	0.9814735	0.0133796515866052	0.971324158118522 
18.36	0.986731	0.0112609987871507	1.19919498644957 
18.41	0.9858375	0.0157735083955746	1.8221167739209 
18.46	0.9921455	0.0135078259869876	1.02455600556911 
18.51	0.9823375	0.0119078863186943	0.936167564472785 
18.56	0.9965965	0.0124491345186386	1.78260044558228 
18.61	1.017166	0.0128465688230872	1.35287995449183 
18.66	0.9932475	0.0137354983336494	2.19894269032493 
18.71	1.004162	0.0158933337895914	1.8484906873921 
18.75	1.003888	0.0163934613409384	2.14997663411158 
18.8	1.0093235	0.0141710094262157	1.24032330226134 
18.85	0.9885315	0.0125976711611397	1.78509050532487 
18.9	1.0081575	0.0138264304009234	0.872834564241518 
18.95	1.010094	0.01255277591443	1.42010819837632 
19	1.0071575	0.0144963980553428	1.37124097265504 
19.05	1.010727	0.0117446324134183	1.22985053193556 
19.1	1.006551	0.0142422022616995	1.26088788137753 
19.14	1.0112455	0.0153968590354622	1.82779557985186 
19.19	0.9908995	0.0137775074038506	1.38264905514318 
19.24	0.995489	0.012704512625545	2.52062947152851 
19.29	0.991964	0.0168239701804175	2.36442162935696 
19.34	1.000299	0.0140438635784647	1.48140834185592 
