-20.55 	 1.0295205 	 0.0141268915459073 
-20.5 	 1.023181 	 0.0139619586376746 
-20.45 	 1.0227425 	 0.0153195910111775 
-20.4 	 1.0273055 	 0.0140362966893019 
-20.36 	 1.012014 	 0.0130711638349234 
-20.31 	 1.0114955 	 0.0158162689895619 
-20.26 	 1.01951 	 0.0155325429341149 
-20.21 	 1.000015 	 0.013989328968889 
-20.16 	 0.9986815 	 0.0118399367713668 
-20.11 	 1.002513 	 0.0112737061785603 
-20.06 	 1.019185 	 0.0137648329085418 
-20.01 	 1.01682 	 0.0134345089229394 
-19.96 	 1.018246 	 0.0140996114840168 
-19.92 	 1.00318 	 0.0117259553981927 
-19.87 	 0.99774 	 0.0167914475254478 
-19.82 	 1.006841 	 0.0142776965579116 
-19.77 	 0.993946 	 0.014198564152754 
-19.72 	 1.0182945 	 0.0140996827889696 
-19.67 	 1.0056965 	 0.0146611037357511 
-19.62 	 1.010686 	 0.0133626383622178 
-19.57 	 1.0022615 	 0.0154725800288904 
-19.53 	 1.0073985 	 0.0129164342118737 
-19.48 	 1.002027 	 0.0116655574663267 
-19.43 	 1.0023655 	 0.0140130494450827 
-19.38 	 1.0049865 	 0.0136721169812915 
-19.33 	 0.993309 	 0.0109186871463778 
-19.28 	 0.9899595 	 0.0139652491832378 
-19.23 	 1.0067905 	 0.0154893503656628 
-19.18 	 0.9868885 	 0.0161571734146107 
-19.13 	 1.002505 	 0.0116813789853958 
-19.09 	 0.980582 	 0.0137539156606344 
-19.04 	 0.9924735 	 0.011657838682605 
-18.99 	 0.9993855 	 0.0137182081464685 
-18.94 	 0.9811055 	 0.0146823266122869 
-18.89 	 0.990223 	 0.0150370692290711 
-18.84 	 0.9937065 	 0.0142524830380538 
-18.79 	 0.9963945 	 0.0142077318650661 
-18.74 	 0.9893535 	 0.0133086100983528 
-18.7 	 1.0107455 	 0.0140746962578137 
-18.65 	 1.0190315 	 0.0149047339040554 
-18.6 	 1.0181275 	 0.013906921253446 
-18.55 	 1.003362 	 0.0160136606058391 
-18.5 	 1.019437 	 0.0129044636076187 
-18.45 	 1.00526 	 0.0106389637653404 
-18.4 	 0.9899185 	 0.0150090690167656 
-18.35 	 0.9848165 	 0.0113084832205555 
-18.3 	 0.982183 	 0.0131643670945625 
-18.26 	 0.988069 	 0.0129225956757817 
-18.21 	 0.990269 	 0.0144099465300984 
-18.16 	 0.985546 	 0.0142504411861634 
-18.11 	 0.982602 	 0.0133890263275623 
-18.06 	 1.0069395 	 0.0134149608553431 
-18.01 	 1.000898 	 0.0143329255910897 
-17.96 	 0.9962535 	 0.0157536063410773 
-17.91 	 1.014012 	 0.01292434547664 
-17.87 	 1.0012825 	 0.0130619768316351 
-17.82 	 1.006848 	 0.0134666427144749 
-17.77 	 1.007351 	 0.0110791614754614 
-17.72 	 1.016172 	 0.0131138852366404 
-17.67 	 1.01155 	 0.0153346767165119 
-17.62 	 0.99043 	 0.016438611255222 
-17.57 	 0.99897 	 0.0156272012849649 
-17.52 	 0.9897825 	 0.0136711048840377 
-17.47 	 1.004168 	 0.0171766776764138 
-17.43 	 0.9979315 	 0.0131911312157184 
-17.38 	 1.0065155 	 0.0113730525695626 
-17.33 	 0.999202 	 0.0133843634887978 
-17.28 	 0.990567 	 0.0105038997995753 
-17.23 	 0.9855455 	 0.0163413112922556 
-17.18 	 0.991931 	 0.0128278197290099 
-17.13 	 0.9980025 	 0.0118672409914852 
-17.08 	 1.016174 	 0.0135871941180037 
-17.03 	 0.997952 	 0.0152055314277396 
-16.99 	 0.9958805 	 0.0147580545720006 
-16.94 	 0.995123 	 0.0149864689303299 
-16.89 	 1.0085455 	 0.0145212339265786 
-16.84 	 0.9953025 	 0.0126750668144297 
-16.79 	 0.9910825 	 0.014795878437936 
-16.74 	 0.9902225 	 0.0136548972442009 
-16.69 	 1.0004915 	 0.0130180268377803 
-16.64 	 0.975479 	 0.0135165054285368 
-16.6 	 0.993913 	 0.0133049457345953 
-16.55 	 0.9866775 	 0.0129103492884568 
-16.5 	 0.9784205 	 0.0138495225459155 
-16.45 	 0.986525 	 0.0120786164356641 
-16.4 	 1.0056385 	 0.0113764081655738 
-16.35 	 0.9948645 	 0.0125788141233609 
-16.3 	 0.9832555 	 0.0134593991229158 
-16.25 	 0.9863525 	 0.0158794624830262 
-16.2 	 0.9945275 	 0.0144486019652377 
-16.16 	 0.9910785 	 0.0163471496827267 
-16.11 	 0.996019 	 0.0143807516840905 
-16.06 	 0.975444 	 0.0118834491625957 
-16.01 	 0.97822 	 0.0143195565573842 
-15.96 	 0.979928 	 0.0130290930612948 
-15.91 	 0.9839955 	 0.0140720167264572 
-15.86 	 0.9984695 	 0.0113725364255032 
-15.81 	 0.986402 	 0.0155045769371321 
-15.77 	 0.987898 	 0.0137086091927799 
-15.72 	 0.998302 	 0.0139894505253006 
-15.67 	 1.0045435 	 0.0131079850758996 
-15.62 	 0.996716 	 0.0113762623035626 
-15.57 	 1.001403 	 0.0141585278542429 
-15.52 	 1.008449 	 0.0140627763617244 
-15.47 	 0.993773 	 0.0146825304699204 
-15.42 	 1.0059155 	 0.0158175423106879 
-15.37 	 0.996087 	 0.0143465825547539 
-15.33 	 1.0022305 	 0.0111609396893719 
-15.28 	 0.9978555 	 0.0130922329932678 
-15.23 	 0.9970965 	 0.0141522917843686 
-15.18 	 0.99279 	 0.0139605067959656 
-15.13 	 0.9921575 	 0.0129736771483614 
-15.08 	 0.9690965 	 0.0148334858596924 
-15.03 	 0.9784745 	 0.0127905814860015 
-14.98 	 0.98157 	 0.0144142419155529 
-14.94 	 0.981378 	 0.0128621757879543 
-14.89 	 0.9903215 	 0.0110881307148795 
-14.84 	 0.9910795 	 0.016474532610975 
-14.79 	 0.9816795 	 0.0136901280034027 
-14.74 	 0.99592 	 0.0139699416605567 
-14.69 	 1.0079165 	 0.0102808819052836 
-14.64 	 1.0061 	 0.0156357343927374 
-14.59 	 1.0075995 	 0.0141271410678079 
-14.54 	 1.0030485 	 0.0112897410399964 
-14.5 	 1.000358 	 0.0112383506797108 
-14.45 	 0.9920065 	 0.0126756140975578 
-14.4 	 0.996492 	 0.0132978075636642 
-14.35 	 0.997578 	 0.0123574898745726 
-14.3 	 0.9943945 	 0.0146039544216675 
-14.25 	 1.0122735 	 0.0126496265854125 
-14.2 	 1.0105215 	 0.0134057906424906 
-14.15 	 1.005387 	 0.0138726151464094 
-14.11 	 1.016168 	 0.0148617891251215 
-14.06 	 0.9999915 	 0.0112022494504306 
-14.01 	 1.018488 	 0.0151135140189375 
-13.96 	 1.026499 	 0.0146724333019471 
-13.91 	 1.0073565 	 0.0133960711684121 
-13.86 	 1.0160335 	 0.0147348295799415 
-13.81 	 1.010085 	 0.0138102289988158 
-13.76 	 1.0098305 	 0.0128097000257538 
-13.71 	 1.011774 	 0.0136300548054422 
-13.67 	 1.006575 	 0.0131407497883357 
-13.62 	 1.007112 	 0.0129917326019256 
-13.57 	 1.008103 	 0.0131766851294095 
-13.52 	 1.0104195 	 0.0154152186085732 
-13.47 	 0.9966395 	 0.0138728520769779 
-13.42 	 1.001807 	 0.0151859731660423 
-13.37 	 0.9869155 	 0.011895231597168 
-13.32 	 0.9754445 	 0.0148112701936661 
-13.28 	 0.9789285 	 0.0127838160480519 
-13.23 	 0.9723255 	 0.012459351698639 
-13.18 	 0.9766735 	 0.0145257716748558 
-13.13 	 0.9717785 	 0.0136921347039147 
-13.08 	 0.982875 	 0.0164147904342414 
-13.03 	 0.968787 	 0.0153734105194926 
-12.98 	 0.965776 	 0.0146240293353096 
-12.93 	 0.9749385 	 0.00944343225473672 
-12.88 	 0.9876165 	 0.0149808568763411 
-12.84 	 0.982837 	 0.0146980655529882 
-12.79 	 0.981116 	 0.0137633536610956 
-12.74 	 1.003603 	 0.0130626846780911 
-12.69 	 0.999548 	 0.0126975708700464 
-12.64 	 0.993871 	 0.012449564209232 
-12.59 	 0.994956 	 0.0164717031299223 
-12.54 	 0.9965875 	 0.010844872002466 
-12.49 	 0.996622 	 0.00999792958567946 
-12.44 	 0.9859625 	 0.0144237841341839 
-12.4 	 0.9811695 	 0.0128365460599774 
-12.35 	 0.9958965 	 0.0148771080102998 
-12.3 	 0.97737 	 0.0140385693715671 
-12.25 	 0.993279 	 0.0148644505112013 
-12.2 	 0.982684 	 0.0126446776945747 
-12.15 	 0.9854125 	 0.00999659035622806 
-12.1 	 0.9854415 	 0.0136593448872839 
-12.05 	 0.9963905 	 0.0151987323402342 
-12.01 	 0.981112 	 0.0140309877057925 
-11.96 	 0.987221 	 0.0138124190133368 
-11.91 	 0.9969365 	 0.0109331122170486 
-11.86 	 0.9953875 	 0.0145606067438724 
-11.81 	 0.98296 	 0.0123284297458943 
-11.76 	 0.999023 	 0.0145704691413688 
-11.71 	 0.9938875 	 0.0121196298932659 
-11.66 	 0.999725 	 0.0128802346640019 
-11.61 	 0.9817975 	 0.0135430989344925 
-11.57 	 0.999243 	 0.0157572205988209 
-11.52 	 0.994887 	 0.0125642700146091 
-11.47 	 0.9930435 	 0.0154078909247827 
-11.42 	 0.987811 	 0.0134407953261742 
-11.37 	 1.003338 	 0.0111432349880837 
-11.32 	 1.007174 	 0.0142877865325871 
-11.27 	 0.9992945 	 0.0145970502071405 
-11.22 	 1.0031255 	 0.0151925934175201 
-11.18 	 0.9868675 	 0.00929161174123215 
-11.13 	 0.996856 	 0.0118201190349159 
-11.08 	 0.9862495 	 0.0123687729686381 
-11.03 	 0.9854355 	 0.0144931754543266 
-10.98 	 0.973798 	 0.0130633696265612 
-10.93 	 0.97766 	 0.0144375084415637 
-10.88 	 0.982821 	 0.0136637714047161 
-10.83 	 0.98792 	 0.0148231747611418 
-10.78 	 0.987262 	 0.0139611369880852 
-10.74 	 0.9862165 	 0.0125424372731137 
-10.69 	 0.9921435 	 0.0134920581361567 
-10.64 	 0.979172 	 0.0141293965193068 
-10.59 	 0.994899 	 0.0142843602936998 
-10.54 	 0.9966475 	 0.0130717266935272 
-10.49 	 0.989468 	 0.0163342507021482 
-10.44 	 1.005951 	 0.0158358321221227 
-10.39 	 0.988128 	 0.0141369334015548 
-10.35 	 1.003936 	 0.0132009372394352 
-10.3 	 0.998803 	 0.0141502127545879 
-10.25 	 0.9983275 	 0.0121077069980488 
-10.2 	 1.0106735 	 0.01308227666539 
-10.15 	 1.0157155 	 0.0139339120404092 
-10.1 	 1.0113455 	 0.0167607441586048 
-10.05 	 0.9953455 	 0.011399674765103 
-10 	 0.99616 	 0.0122373481604587 
-9.95 	 0.991759 	 0.0152380073828751 
-9.91 	 1.0039895 	 0.0138438879925447 
-9.86 	 1.0086135 	 0.0135875304139521 
-9.81 	 1.008977 	 0.01515211506686 
-9.76 	 0.992877 	 0.0131199958460462 
-9.71 	 1.004246 	 0.0119750358663367 
-9.66 	 0.999327 	 0.0145983951515428 
-9.61 	 1.0061875 	 0.0151587677187119 
-9.56 	 0.9882005 	 0.01357962940401 
-9.52 	 1.013596 	 0.0146656450250098 
-9.47 	 1.0015015 	 0.0140614552145224 
-9.42 	 1.0067875 	 0.014334947113621 
-9.37 	 0.992046 	 0.0129819695732232 
-9.32 	 1.0007435 	 0.0128277313952887 
-9.27 	 0.9888235 	 0.0117802509629653 
-9.22 	 0.9827525 	 0.0124871181122869 
-9.17 	 0.9767335 	 0.0135978852307892 
-9.12 	 1.003297 	 0.0133541387217392 
-9.08 	 0.998461 	 0.0123378202693897 
-9.03 	 0.991093 	 0.0157823205201373 
-8.98 	 0.9909185 	 0.0114820282506857 
-8.93 	 1.0058765 	 0.0124837118979165 
-8.88 	 0.9917235 	 0.0129655602559093 
-8.83 	 0.9921135 	 0.0131537429178906 
-8.78 	 0.9934705 	 0.0147876642763687 
-8.73 	 1.01108 	 0.0148385470986923 
-8.69 	 0.992086 	 0.0141111783349236 
-8.64 	 1.006579 	 0.013509064327345 
-8.59 	 0.9974965 	 0.0144305773533344 
-8.54 	 1.008485 	 0.0117983293309052 
-8.49 	 0.9991465 	 0.0149566738531563 
-8.44 	 1.016698 	 0.0141781802781495 
-8.39 	 1.012211 	 0.0152895212155326 
-8.34 	 0.9926595 	 0.0129081476111066 
-8.29 	 1.0026535 	 0.00975472668758357 
-8.25 	 0.993058 	 0.0130040926634779 
-8.2 	 0.998846 	 0.0132719687311096 
-8.15 	 0.9943115 	 0.0113616927766276 
-8.1 	 0.9813595 	 0.0129480367141153 
-8.05 	 0.977896 	 0.0121196734279466 
-8 	 0.978157 	 0.012436999678391 
-7.95 	 1.008924 	 0.014129599215834 
-7.9 	 1.0064305 	 0.014121859110961 
-7.85 	 0.997592 	 0.0134985379208426 
-7.81 	 1.0156805 	 0.0109611611953523 
-7.76 	 1.005699 	 0.0164504799018074 
-7.71 	 0.9973255 	 0.0146505308692163 
-7.66 	 0.991133 	 0.0154156365745972 
-7.61 	 1.0211325 	 0.0114986872620265 
-7.56 	 1.008322 	 0.0162169064867468 
-7.51 	 1.0057065 	 0.0134899215249712 
-7.46 	 1.014539 	 0.0127521550727768 
-7.42 	 1.0120645 	 0.0133403851050213 
-7.37 	 1.021199 	 0.0123681687811749 
-7.32 	 1.0143095 	 0.0128937901623007 
-7.27 	 1.014689 	 0.0144319080165973 
-7.22 	 1.026218 	 0.0131126464148324 
-7.17 	 1.0244045 	 0.0131830115963593 
-7.12 	 1.0273125 	 0.0140838183299056 
-7.07 	 1.0279915 	 0.0141589195473933 
-7.02 	 1.017073 	 0.0137498433081905 
-6.98 	 1.017543 	 0.0128278864588254 
-6.93 	 1.0126455 	 0.0168368059545098 
-6.88 	 1.0237795 	 0.014347178633806 
-6.83 	 1.02486 	 0.0147458957001458 
-6.78 	 1.0153515 	 0.0159269285410027 
-6.73 	 1.0295485 	 0.0155024973068799 
-6.68 	 1.012471 	 0.0153796930723781 
-6.63 	 1.0274745 	 0.0158204277676246 
-6.59 	 1.0391945 	 0.0143876201906404 
-6.54 	 1.0314465 	 0.0148260831897842 
-6.49 	 1.0533915 	 0.0125041390247392 
-6.44 	 1.0586285 	 0.0157484660443662 
-6.39 	 1.0758795 	 0.0135335710272706 
-6.34 	 1.0545725 	 0.0146804727018673 
-6.29 	 1.0711005 	 0.01635491836574 
-6.24 	 1.095945 	 0.0147426831004611 
-6.19 	 1.088821 	 0.0155695217974143 
-6.15 	 1.077604 	 0.0127352056912909 
-6.1 	 1.094453 	 0.0177543149966491 
-6.05 	 1.108162 	 0.0150458634182328 
-5.999 	 1.098011 	 0.0157119088273792 
-5.951 	 1.0911015 	 0.0147888174898962 
-5.902 	 1.1050835 	 0.012639455397716 
-5.853 	 1.0833265 	 0.0142628062719262 
-5.804 	 1.0946425 	 0.012005521177789 
-5.755 	 1.1033145 	 0.0143425571203489 
-5.706 	 1.100548 	 0.0159264567936474 
-5.658 	 1.114205 	 0.0162799626842575 
-5.609 	 1.102422 	 0.0172569831082812 
-5.56 	 1.117535 	 0.0123359391616532 
-5.511 	 1.109692 	 0.0176794051370702 
-5.462 	 1.0995455 	 0.0165606341892403 
-5.413 	 1.10875 	 0.0143183913202654 
-5.365 	 1.0888875 	 0.0139682428655298 
-5.316 	 1.1082685 	 0.0158232535450298 
-5.267 	 1.1000495 	 0.0125423404813665 
-5.218 	 1.1014295 	 0.0160443359086519 
-5.169 	 1.104226 	 0.0155721293983691 
-5.12 	 1.1313605 	 0.0172873142723385 
-5.072 	 1.129281 	 0.0164614792470304 
-5.023 	 1.1352515 	 0.0152717923882751 
-4.974 	 1.131118 	 0.0178308773199644 
-4.925 	 1.130286 	 0.0175063475345258 
-4.876 	 1.146061 	 0.018127986071269 
-4.827 	 1.131741 	 0.0151620067603209 
-4.779 	 1.1320645 	 0.0138624624345534 
-4.73 	 1.134003 	 0.0146563467821691 
-4.681 	 1.1274045 	 0.0159825221648369 
-4.632 	 1.1373165 	 0.0139253011726951 
-4.583 	 1.132916 	 0.0169255981873674 
-4.534 	 1.134009 	 0.0142727814037754 
-4.486 	 1.1155815 	 0.013262796565986 
-4.437 	 1.107151 	 0.0156913214548717 
-4.388 	 1.121253 	 0.0173710031662155 
-4.339 	 1.120679 	 0.0168423872713983 
-4.29 	 1.1180045 	 0.0146640984977187 
-4.242 	 1.120676 	 0.0138272782571504 
-4.193 	 1.105221 	 0.0159824506569105 
-4.144 	 1.1269445 	 0.0167262585400894 
-4.095 	 1.1136335 	 0.0114997609866399 
-4.046 	 1.105279 	 0.0166109276983732 
-3.997 	 1.095717 	 0.0149926929202149 
-3.949 	 1.1204825 	 0.0164773353048993 
-3.9 	 1.094945 	 0.0134583448090955 
-3.851 	 1.1031675 	 0.0130771712824191 
-3.802 	 1.1008245 	 0.0133812822535765 
-3.753 	 1.1023225 	 0.0134073151208579 
-3.704 	 1.11042 	 0.0124541362606868 
-3.656 	 1.094883 	 0.0133876988687291 
-3.607 	 1.089991 	 0.0151428065100104 
-3.558 	 1.102405 	 0.0136548462093017 
-3.509 	 1.084142 	 0.0145160148112192 
-3.46 	 1.0698655 	 0.0129748489297551 
-3.411 	 1.0573585 	 0.0146363568810752 
-3.363 	 1.051456 	 0.014087329555321 
-3.314 	 1.056309 	 0.0112337949509283 
-3.265 	 1.041431 	 0.0143515995275672 
-3.216 	 1.0402975 	 0.0121997651104304 
-3.167 	 1.0537915 	 0.0137432639045409 
-3.118 	 1.0533375 	 0.013051119827425 
-3.07 	 1.031454 	 0.0151629408097479 
-3.021 	 1.0317085 	 0.0136172938849917 
-2.972 	 1.012303 	 0.0146336820725416 
-2.923 	 1.008054 	 0.0137179147103135 
-2.874 	 1.0047315 	 0.0177734412185646 
-2.825 	 0.980118 	 0.015081829663541 
-2.777 	 0.973213 	 0.0118551824532681 
-2.728 	 0.970294 	 0.00951435830731224 
-2.679 	 0.9441155 	 0.0124329338754032 
-2.63 	 0.9351145 	 0.0132488982466618 
-2.581 	 0.931221 	 0.0137450005092813 
-2.532 	 0.9131675 	 0.0117688078729183 
-2.484 	 0.907211 	 0.0128021259562491 
-2.435 	 0.9051015 	 0.0103839155788935 
-2.386 	 0.9047375 	 0.012085148271741 
-2.337 	 0.899127 	 0.0105357230886301 
-2.288 	 0.881471 	 0.0119475909287379 
-2.239 	 0.8876775 	 0.0106203845857843 
-2.191 	 0.8703755 	 0.0139910926932251 
-2.142 	 0.8658275 	 0.0128398297788575 
-2.093 	 0.8608435 	 0.0106403788818855 
-2.044 	 0.8446125 	 0.0133978800095445 
-1.995 	 0.838811 	 0.0120398487947243 
-1.947 	 0.839048 	 0.0110505387198778 
-1.898 	 0.8198035 	 0.0102024042631872 
-1.849 	 0.8232075 	 0.00871886109247903 
-1.8 	 0.8046895 	 0.0114880953490963 
-1.751 	 0.7969545 	 0.0107672895730544 
-1.702 	 0.7920865 	 0.0100110829958567 
-1.654 	 0.784949 	 0.00978479069782896 
-1.605 	 0.770491 	 0.0117358744454783 
-1.556 	 0.7593125 	 0.0114392341854721 
-1.507 	 0.747474 	 0.0107130492391296 
-1.458 	 0.73221 	 0.0107105396689371 
-1.409 	 0.7370535 	 0.00933270393561614 
-1.361 	 0.7367565 	 0.00982298746562849 
-1.312 	 0.7257925 	 0.0108665490727205 
-1.263 	 0.706594 	 0.0103882069675089 
-1.214 	 0.7072325 	 0.0100305607395716 
-1.165 	 0.6966855 	 0.00892660152298036 
-1.116 	 0.68365 	 0.00936398953439311 
-1.068 	 0.675254 	 0.00850578003477582 
-1.019 	 0.666327 	 0.00914830208290704 
-0.97 	 0.648179 	 0.00993149933292822 
-0.921 	 0.629991 	 0.00883935625482819 
-0.872 	 0.626468 	 0.00983464874817876 
-0.823 	 0.626106 	 0.00633064088383243 
-0.775 	 0.6198055 	 0.00774259741625256 
-0.726 	 0.618889 	 0.00832159774321637 
-0.677 	 0.615917 	 0.00733538894675549 
-0.628 	 0.6038285 	 0.00967299347410787 
-0.579 	 0.5999295 	 0.00782919821883977 
-0.53 	 0.5968975 	 0.00863026122141632 
-0.482 	 0.5907865 	 0.00752053274377233 
-0.433 	 0.5802245 	 0.00766146557454581 
-0.384 	 0.5883755 	 0.00724202559714517 
-0.335 	 0.58004 	 0.00794209921872155 
-0.286 	 0.574382 	 0.00745675438780971 
-0.237 	 0.566281 	 0.00703762523867654 
-1.89E-01 	 0.5729895 	 0.00768889164639343 
-0.14 	 0.567398 	 0.0073921381209928 
-0.091 	 0.5739465 	 0.00792987659110068 
-0.042 	 0.5701455 	 0.00663188093604728 
0.007 	 0.5652925 	 0.00844837610135756 
0.056 	 0.575597 	 0.00661736359890754 
0.104 	 0.580903 	 0.00733679500872539 
0.153 	 0.5769425 	 0.00756599819919025 
0.202 	 0.579098 	 0.00716124262959775 
0.251 	 0.586799 	 0.00920646180679673 
0.3 	 0.587864 	 0.00657614279042402 
0.349 	 0.593147 	 0.00697810869793243 
0.397 	 0.5872175 	 0.00833030003961727 
0.446 	 0.591188 	 0.00740016526842105 
0.495 	 0.583038 	 0.00785389241078076 
0.544 	 0.593094 	 0.00775388444587043 
0.593 	 0.597246 	 0.00863491424392219 
0.641 	 0.599448 	 0.00822927979838198 
0.69 	 0.6055565 	 0.0085149822518876 
0.739 	 0.6219285 	 0.0108025465863415 
0.788 	 0.624595 	 0.0067436433031365 
0.837 	 0.6298055 	 0.0090298867517838 
0.886 	 0.6423345 	 0.00717644513322466 
0.934 	 0.645995 	 0.00870721568586627 
0.983 	 0.651045 	 0.00866668073716431 
1.032 	 0.6548665 	 0.00838975760972215 
1.081 	 0.664788 	 0.00890853444737457 
1.13 	 0.682787 	 0.0096820855707817 
1.179 	 0.6864035 	 0.00991440329772648 
1.227 	 0.702781 	 0.0102745456833755 
1.276 	 0.706764 	 0.00854348020422877 
1.325 	 0.7012155 	 0.00852485276999676 
1.374 	 0.704471 	 0.0100392419534526 
1.423 	 0.7018485 	 0.0107726497552753 
1.472 	 0.7249525 	 0.0100419170853865 
1.52 	 0.726895 	 0.00808885498694882 
1.569 	 0.7400365 	 0.00905979926652801 
1.618 	 0.741106 	 0.0124637167008877 
1.667 	 0.765899 	 0.00983360864585576 
1.716 	 0.777682 	 0.0126820201860855 
1.765 	 0.78618 	 0.0108413564649449 
1.813 	 0.7850225 	 0.0114185979327544 
1.862 	 0.8090165 	 0.0107367421851421 
1.911 	 0.8237785 	 0.0117758385157894 
1.96 	 0.831111 	 0.0119609811052333 
2.009 	 0.827551 	 0.0124219132584254 
2.058 	 0.841939 	 0.0115117982522234 
2.106 	 0.8427105 	 0.0113792721537831 
2.155 	 0.8548135 	 0.0112694237984766 
2.204 	 0.851822 	 0.0118416276752729 
2.253 	 0.878997 	 0.0106866220575035 
2.302 	 0.879184 	 0.0125129186842982 
2.351 	 0.894167 	 0.0114195468824102 
2.399 	 0.8992015 	 0.0129922524124952 
2.448 	 0.921919 	 0.0147883149479508 
2.497 	 0.915761 	 0.0102521865472709 
2.546 	 0.9360605 	 0.014578049758112 
2.595 	 0.9286955 	 0.0120995890322897 
2.644 	 0.9425555 	 0.0124458721972263 
2.692 	 0.945904 	 0.0134913885126914 
2.741 	 0.9657535 	 0.0135465177351857 
2.79 	 0.986389 	 0.0149904582651699 
2.839 	 0.9974205 	 0.0160872227171196 
2.888 	 0.9967115 	 0.0149553141976203 
2.936 	 1.007511 	 0.0126481369774291 
2.985 	 0.9989385 	 0.0155566353287039 
3.0342 	 1.0064645 	 0.0146443926043335 
3.083 	 1.007878 	 0.0143409004598961 
3.1318 	 1.0222975 	 0.0132940610330418 
3.1806 	 1.013122 	 0.0113136875509446 
3.2295 	 1.034676 	 0.014008758117695 
3.2783 	 1.0333335 	 0.0150432248121844 
3.3271 	 1.045606 	 0.0127622005939429 
3.376 	 1.0371355 	 0.0175295566044799 
3.4248 	 1.053922 	 0.0146822149555333 
3.4736 	 1.059025 	 0.013811188761288 
3.5224 	 1.0611715 	 0.01308098974658 
3.5713 	 1.080182 	 0.0137168956400722 
3.6201 	 1.089359 	 0.0129588984485257 
3.6689 	 1.0953205 	 0.0144155365751846 
3.7178 	 1.0955545 	 0.0170607958416329 
3.7666 	 1.106433 	 0.0157301904311524 
3.8154 	 1.091459 	 0.0167719071366517 
3.8643 	 1.107788 	 0.0162637429886193 
3.91309 	 1.1088865 	 0.0138318625914929 
3.96192 	 1.1178485 	 0.0143254662315344 
4.01075 	 1.109498 	 0.016254310074576 
4.05958 	 1.1326 	 0.0161877320832703 
4.1084 	 1.115185 	 0.0162637820017325 
4.1572 	 1.12107 	 0.0148221300763198 
4.2061 	 1.1444645 	 0.0130778199540417 
4.2549 	 1.124312 	 0.0147959124760642 
4.3037 	 1.135413 	 0.0149923050595819 
4.3526 	 1.1416845 	 0.0138934666210176 
4.4014 	 1.132263 	 0.0168637579145478 
4.4502 	 1.136684 	 0.01442823495789 
4.499 	 1.1397025 	 0.0162268567119513 
4.5479 	 1.130117 	 0.0148404016454961 
4.5967 	 1.125261 	 0.0147332406143288 
4.6455 	 1.1214085 	 0.0169022236037144 
4.6944 	 1.12022 	 0.0164249697107913 
4.7432 	 1.1376375 	 0.0156917047751346 
4.792 	 1.141687 	 0.0145477039769252 
4.8409 	 1.1454275 	 0.0162801737935969 
4.8897 	 1.157092 	 0.0124877942808266 
4.9385 	 1.148764 	 0.0185494273226632 
4.9873 	 1.1458795 	 0.016224532497125 
5.036 	 1.1502625 	 0.0160581430666827 
5.085 	 1.150689 	 0.0145639843106198 
5.134 	 1.1358725 	 0.0146406649012437 
5.183 	 1.1627775 	 0.0176016706238428 
5.231 	 1.1397215 	 0.0148207612068493 
5.28 	 1.1236325 	 0.0154380312459223 
5.329 	 1.134396 	 0.0180702419463767 
5.378 	 1.13404 	 0.0159618169391722 
5.427 	 1.131218 	 0.0162229099115971 
5.476 	 1.120541 	 0.0138058429297185 
5.524 	 1.122904 	 0.0143448703026517 
5.573 	 1.138363 	 0.014119969227995 
5.622 	 1.1409495 	 0.0138025854371407 
5.671 	 1.131833 	 0.0149614494952835 
5.72 	 1.1278965 	 0.0142741743281286 
5.769 	 1.1359065 	 0.0182931774919076 
5.817 	 1.109324 	 0.0159340485753061 
5.866 	 1.115277 	 0.0147739378974972 
5.915 	 1.1161075 	 0.0161756322519496 
5.964 	 1.126729 	 0.0141928597893531 
6.013 	 1.110648 	 0.0152049395263417 
6.062 	 1.1184165 	 0.0172911267056257 
6.11 	 1.11021 	 0.013054856567585 
6.159 	 1.114837 	 0.0161775208545691 
6.208 	 1.11391 	 0.0163283054846694 
6.257 	 1.115352 	 0.0114545657272454 
6.306 	 1.0973765 	 0.0133400956799547 
6.355 	 1.104338 	 0.0149362711544685 
6.403 	 1.0930445 	 0.0152129630496358 
6.452 	 1.089559 	 0.013842970020931 
6.501 	 1.0763565 	 0.0164445377785696 
6.55 	 1.079165 	 0.0161627712660775 
6.599 	 1.072753 	 0.0151203710602548 
6.648 	 1.08102 	 0.0168357660948498 
6.696 	 1.1008395 	 0.0128114450687548 
6.745 	 1.0862775 	 0.0144108392798794 
6.794 	 1.081453 	 0.0158881537945837 
6.843 	 1.073854 	 0.01312245342915 
6.892 	 1.0798615 	 0.0115402587817316 
6.941 	 1.089493 	 0.0148780919811408 
6.989 	 1.057301 	 0.0144844892557325 
7.038 	 1.070184 	 0.0140482783286982 
7.087 	 1.0669325 	 0.0157438968730975 
7.136 	 1.0679745 	 0.0120107782741168 
7.185 	 1.071128 	 0.0119070628620264 
7.234 	 1.072399 	 0.0149042587537878 
7.282 	 1.0722645 	 0.0135070361201399 
7.331 	 1.055077 	 0.0149302897158581 
7.38 	 1.0592905 	 0.0116998916554548 
7.429 	 1.048513 	 0.0134550388702484 
7.478 	 1.048039 	 0.0148802583646925 
7.527 	 1.0565635 	 0.0158547621473751 
7.575 	 1.0412775 	 0.0145899646589706 
7.624 	 1.0374445 	 0.0134876041145356 
7.673 	 1.037456 	 0.0145749684047622 
7.722 	 1.0318495 	 0.0134333634935464 
7.771 	 1.028259 	 0.013257861403694 
7.819 	 1.0315425 	 0.0140751241113518 
7.868 	 1.0284645 	 0.0148214255302935 
7.917 	 1.0399705 	 0.0132279217849873 
7.966 	 1.0138795 	 0.0140277081075014 
8.015 	 1.009622 	 0.0141948284949265 
8.064 	 1.013275 	 0.0136973017416025 
8.112 	 1.019159 	 0.0122041123806797 
8.161 	 1.027314 	 0.0140074785025717 
8.21 	 1.0259205 	 0.0147848024927486 
8.259 	 1.0283405 	 0.013685169518484 
8.308 	 1.0053265 	 0.0139617263527887 
8.357 	 1.009473 	 0.0150944669001768 
8.405 	 1.0091685 	 0.0143352140810651 
8.454 	 1.00449 	 0.0132341059388226 
8.503 	 1.0226785 	 0.0134531302212706 
8.552 	 1.023751 	 0.0137482813107534 
8.601 	 1.027704 	 0.0137840470834882 
8.65 	 1.0365425 	 0.0147047451099977 
8.698 	 1.0247225 	 0.0169257123557445 
8.747 	 1.0290795 	 0.0145645794566641 
8.796 	 1.034724 	 0.0112706394672049 
8.845 	 1.0225455 	 0.0135948628073286 
8.894 	 1.0162725 	 0.0155545832072191 
8.943 	 1.038046 	 0.015978822985435 
8.991 	 1.0305945 	 0.0113843693171834 
9.04 	 1.021441 	 0.0161270527065395 
9.089 	 1.0134975 	 0.0161915054504093 
9.138 	 1.0224095 	 0.0131771353013647 
9.187 	 0.9998765 	 0.0140192047830546 
9.236 	 1.000398 	 0.0114076126336664 
9.284 	 1.016494 	 0.0186468649912046 
9.333 	 1.000386 	 0.0142627796730001 
9.382 	 1.024401 	 0.0119416514352143 
9.431 	 1.001607 	 0.0113759312146504 
9.48 	 1.00985 	 0.0114909316419665 
9.529 	 0.996325 	 0.013885353974579 
9.577 	 0.990038 	 0.0146372605360243 
9.626 	 0.9898865 	 0.0152714960874917 
9.675 	 1.0036465 	 0.0128536746788597 
9.724 	 1.00916 	 0.0127994605355024 
9.773 	 0.986812 	 0.0140212294753464 
9.822 	 0.9843565 	 0.0149526831287946 
9.87 	 1.010931 	 0.0121854642504884 
9.919 	 0.9925955 	 0.0140745196987271 
9.968 	 0.989047 	 0.0127757618559349 
10.017 	 0.981478 	 0.0119642135554511 
10.066 	 0.9874645 	 0.0171170550840412 
10.115 	 0.9747025 	 0.0138387220779382 
10.163 	 0.9791375 	 0.0138285392847576 
10.212 	 0.9745605 	 0.01345233380309 
10.261 	 0.982516 	 0.0116963872200052 
10.31 	 0.9868445 	 0.0148175164838855 
10.359 	 0.969195 	 0.0109034405120847 
10.407 	 0.969081 	 0.0120834886932449 
10.456 	 0.982019 	 0.013294657159932 
10.505 	 0.9821815 	 0.0142359918077463 
10.554 	 0.9685285 	 0.0156956099833764 
10.603 	 0.9693835 	 0.0159326580566385 
10.652 	 0.9831325 	 0.0137228615364811 
10.7 	 0.9829945 	 0.0120657832215914 
10.749 	 0.9770265 	 0.013145101093184 
10.798 	 0.982188 	 0.0128441743993328 
10.847 	 0.9892715 	 0.0130346654253254 
10.896 	 0.989845 	 0.011982288387448 
10.945 	 0.9820765 	 0.0143511561468155 
10.993 	 0.9918365 	 0.0140734175930961 
11.042 	 0.9873505 	 0.0126410389110411 
11.091 	 0.9967395 	 0.011713326374281 
11.14 	 0.986811 	 0.0141353581136107 
11.189 	 1.0023205 	 0.013230216731058 
11.238 	 1.006984 	 0.0107434884464906 
11.286 	 1.0051455 	 0.0142830040519873 
11.335 	 1.0091285 	 0.0123795041399113 
11.384 	 1.019844 	 0.0148201276647712 
11.433 	 1.0068185 	 0.0142140656657414 
11.482 	 1.0025305 	 0.0123843503967878 
11.531 	 0.9872455 	 0.0106941458167602 
11.579 	 0.9952065 	 0.0119064214921998 
11.628 	 0.9705815 	 0.0127657319708121 
11.677 	 0.9826725 	 0.0116052879649633 
11.726 	 0.9714585 	 0.0134295779066429 
11.775 	 0.985886 	 0.0146754479999863 
11.824 	 0.978477 	 0.0154700468971563 
11.872 	 0.975274 	 0.0129349837263108 
11.921 	 0.977682 	 0.0122560150946522 
11.97 	 0.9884935 	 0.0140567660843292 
12.019 	 0.9932335 	 0.013571958692476 
12.068 	 1.00017 	 0.0150485261736821 
12.117 	 0.9834705 	 0.0149517398569524 
12.165 	 0.9889525 	 0.0148851680793471 
12.214 	 0.9815955 	 0.0134592586998678 
12.263 	 0.99131 	 0.0130267340496309 
12.312 	 0.9767775 	 0.015195585502045 
12.361 	 0.990848 	 0.013844725566075 
12.41 	 0.9862565 	 0.0127191435541063 
12.458 	 0.9933635 	 0.0147099715414513 
12.507 	 0.982411 	 0.0148012053225304 
12.556 	 0.9924385 	 0.0130454345558253 
12.605 	 0.99455 	 0.0139437028797724 
12.654 	 1.002127 	 0.0144334223592093 
12.702 	 1.0010015 	 0.0135994817088447 
12.751 	 1.005696 	 0.0103849792489053 
12.8 	 0.9987155 	 0.0131789861047916 
12.849 	 0.985549 	 0.0144544463401325 
12.898 	 0.974684 	 0.0125849971791942 
12.947 	 0.9734965 	 0.0141353246425419 
12.995 	 0.9718805 	 0.0115661426046135 
13.044 	 0.96161 	 0.01411021013309 
13.093 	 0.9594685 	 0.0156445256479782 
13.142 	 0.977378 	 0.0113842266316056 
13.191 	 0.9656625 	 0.0143055562195116 
13.24 	 0.973314 	 0.0121540797265915 
13.288 	 0.974891 	 0.0130783110147975 
13.337 	 0.978129 	 0.0129817667903783 
13.386 	 0.964549 	 0.0135616827495692 
13.435 	 0.9600375 	 0.0136048663627835 
13.484 	 0.951874 	 0.0118279053090301 
13.533 	 0.9531885 	 0.0101348439923888 
13.581 	 0.954956 	 0.0119647053453115 
13.63 	 0.965674 	 0.013473288536948 
13.679 	 0.962052 	 0.0146096569432628 
13.728 	 0.9578335 	 0.0128754503901726 
13.777 	 0.960991 	 0.0145499776288523 
13.826 	 0.967412 	 0.0136981460789432 
13.874 	 0.9491755 	 0.0135670293266285 
13.923 	 0.962698 	 0.0132497349407538 
13.972 	 0.971966 	 0.0131283382040659 
14.02 	 0.985227 	 0.0138980808387566 
14.07 	 0.985238 	 0.0129909405356241 
14.12 	 0.9856795 	 0.0148780054022695 
14.17 	 0.9759245 	 0.0137682041221822 
14.22 	 0.978097 	 0.0140911192245493 
14.27 	 0.9894035 	 0.0137986485841812 
14.31 	 0.984444 	 0.0120892553120661 
14.36 	 0.9811935 	 0.0124831992193513 
14.41 	 0.9712155 	 0.0135855469065314 
14.46 	 0.985719 	 0.0121089065980297 
14.51 	 0.973169 	 0.0156991066306518 
14.56 	 0.9796615 	 0.0129506522133168 
14.61 	 0.983409 	 0.0133268596826153 
14.66 	 0.976353 	 0.0123054167341115 
14.7 	 0.9750955 	 0.0113645965502619 
14.75 	 0.96804 	 0.0125638290341669 
14.8 	 0.990958 	 0.0116085871663915 
14.85 	 0.9874705 	 0.0146977710810214 
14.9 	 0.9837705 	 0.0103560506347909 
14.95 	 0.9841505 	 0.0103375676418592 
15 	 0.9655885 	 0.0143796708150742 
15.05 	 0.97221 	 0.0140273646847762 
15.1 	 0.974494 	 0.0140724032773476 
15.14 	 0.9905075 	 0.0151513507235978 
15.19 	 0.9826225 	 0.0126721907636279 
15.24 	 0.9761125 	 0.0142074782685049 
15.29 	 0.9749845 	 0.0126650410481099 
15.34 	 0.977996 	 0.0145526318581878 
15.39 	 0.950612 	 0.0155691003593773 
15.44 	 0.9630035 	 0.0125668668628973 
15.49 	 0.9519285 	 0.0119034437349096 
15.53 	 0.952991 	 0.0140242539551962 
15.58 	 0.959232 	 0.0128976178420649 
15.63 	 0.949774 	 0.0157799703421995 
15.68 	 0.9632495 	 0.0112405313375645 
15.73 	 0.950115 	 0.0143802800737829 
15.78 	 0.9547885 	 0.0117192663059879 
15.83 	 0.971062 	 0.0123825803449626 
15.88 	 0.971197 	 0.0148324573486741 
15.93 	 0.9636925 	 0.0141679151165649 
15.97 	 0.9703565 	 0.0123761186463881 
16.02 	 0.9685505 	 0.0143573843282797 
16.07 	 0.963093 	 0.0123507069028573 
16.12 	 0.9551945 	 0.0127896542076039 
16.17 	 0.95624 	 0.015531674732623 
16.22 	 0.9705965 	 0.0137208612247684 
16.27 	 0.972368 	 0.0121754661512471 
16.32 	 0.9716755 	 0.0123554633563419 
16.36 	 0.964412 	 0.015250830338054 
16.41 	 0.969954 	 0.0147678164939941 
16.46 	 0.979246 	 0.0148046504180174 
16.51 	 0.9668705 	 0.0140639434281425 
16.56 	 0.9757705 	 0.0116586999596932 
16.61 	 0.9821725 	 0.0123681534090725 
16.66 	 0.974375 	 0.0130746248512143 
16.71 	 0.996774 	 0.0102610712890961 
16.76 	 0.991464 	 0.0115487845247825 
16.8 	 0.9660785 	 0.0150833007909375 
16.85 	 0.974812 	 0.0138175647637364 
16.9 	 0.9761985 	 0.0124952167948327 
16.95 	 0.9722875 	 0.012441800060691 
17 	 0.966318 	 0.0131332660066044 
17.05 	 0.990845 	 0.0111403408834789 
17.1 	 0.982813 	 0.0144776566128753 
17.15 	 0.985843 	 0.0122194411083275 
17.19 	 1.0041215 	 0.0139197504557261 
17.24 	 0.981075 	 0.0133872000433298 
17.29 	 0.9825205 	 0.0149687011711179 
17.34 	 0.9712135 	 0.0135938968934576 
17.39 	 0.9936355 	 0.0151515997422628 
17.44 	 0.984173 	 0.015631712670079 
17.49 	 0.9807985 	 0.0128352414371514 
17.54 	 0.967619 	 0.0121516615736344 
17.59 	 0.9704025 	 0.0116190218499914 
17.63 	 0.989077 	 0.0128659776542677 
17.68 	 0.99044 	 0.0131454748868337 
17.73 	 0.980535 	 0.0146525555791441 
17.78 	 0.966685 	 0.0156125137309834 
17.83 	 0.985461 	 0.00930948543152631 
17.88 	 0.9811465 	 0.0130011508240799 
17.93 	 0.974935 	 0.0140979489642991 
17.98 	 0.9802965 	 0.01604794419077 
18.02 	 0.9719905 	 0.0152576664254379 
18.07 	 0.970273 	 0.0157465193296801 
18.12 	 0.978016 	 0.0163722351559107 
18.17 	 0.981634 	 0.0126015802183659 
18.22 	 0.9772295 	 0.0113773404075919 
18.27 	 0.9736385 	 0.0112977640597434 
18.32 	 0.9803365 	 0.0131240840727851 
18.37 	 0.9787565 	 0.0126908125330982 
18.42 	 0.9737255 	 0.0136013243748612 
18.46 	 0.983362 	 0.0124669533567554 
18.51 	 1.003179 	 0.0138448347407979 
18.56 	 1.000265 	 0.0115086239403346 
18.61 	 1.010708 	 0.013425465206095 
18.66 	 1.012092 	 0.0142232793686967 
18.71 	 0.992512 	 0.0111564266680744 
18.76 	 0.9926985 	 0.0137774759208621 
18.81 	 0.984427 	 0.0134346678783033 
18.86 	 0.9760775 	 0.0145596002263129 
18.9 	 0.987045 	 0.0136166014482357 
18.95 	 0.9719835 	 0.0128987744669931 
19 	 0.9800955 	 0.0147361461973678 
19.05 	 0.995473 	 0.0142878014753842 
19.1 	 1.00028 	 0.0131706818350698 
19.15 	 1.000959 	 0.0152020958752306 
19.2 	 1.0126365 	 0.0147794926418244 
19.25 	 1.021518 	 0.0124033610767044 
19.29 	 1.007567 	 0.0144527174261347 
19.34 	 1.010919 	 0.0144485947067637 
19.39 	 1.025775 	 0.0127247202326863 
19.44 	 1.0168455 	 0.012688556054563 
19.49 	 1.013549 	 0.0145216400244522 
19.54 	 1.012009 	 0.0161160075390971 
19.59 	 1.0204275 	 0.0162801298751112 
19.64 	 1.018852 	 0.0141073443993078 
19.69 	 1.0149365 	 0.0162655424978688 
19.73 	 1.0330865 	 0.0137495884574707 
19.78 	 1.0276865 	 0.0143939224240522 
19.83 	 1.0155145 	 0.0135662461554302 
19.88 	 1.012728 	 0.0158397044164252 
19.93 	 1.0165135 	 0.0121398374268596 
19.98 	 1.0041995 	 0.0130147479710626 
20.03 	 1.009438 	 0.0147748392884652 
20.08 	 0.997258 	 0.0144638976766224 
20.12 	 0.9981295 	 0.0123605632861312 
20.17 	 0.99488 	 0.0141439948387999 
20.22 	 0.9946585 	 0.0113906454053129 
20.27 	 0.9889375 	 0.0142632874453905 
20.32 	 0.9881345 	 0.0135509883311316 
20.37 	 1.0043335 	 0.0133940872309589 
20.42 	 0.996209 	 0.0102569532025908 
