-20.99	0.9860305	0.0117543839414112	1.98078317783797 
-20.95	0.9857285	0.0149371491238244	1.73155070986981 
-20.9	0.981384	0.015448621945015	2.25040086023768 
-20.85	0.9874575	0.0106532208497564	1.29248576385913 
-20.8	0.979489	0.0160419272696991	1.75636714681691 
-20.75	0.976298	0.0163325476144705	1.96659539275437 
-20.7	0.9795155	0.0150045752583741	1.48350155628408 
-20.65	0.9712715	0.0129146242176925	1.25726836335769 
-20.6	0.987624	0.0136627682330293	1.26557338698307 
-20.56	0.9810475	0.0151174826904064	1.36278526318687 
-20.51	0.983045	0.014680303847422	1.35310361772551 
-20.46	0.9855395	0.01566583358274	1.752413328606 
-20.41	0.977347	0.0133634037186403	1.45989249485058 
-20.36	0.9738675	0.0136364171382523	1.77708539947646 
-20.31	0.9782095	0.0156860777946225	2.34472198905131 
-20.26	0.980654	0.0132849334526788	0.820099897385911 
-20.21	0.9955845	0.0142816114655396	2.22249860022451 
-20.16	1.0095745	0.0161821036544761	2.24180616242412 
-20.12	0.996337	0.0124996337209494	1.44446960273809 
-20.07	1.002841	0.0146559683908531	1.15068206376744 
-20.02	0.9891255	0.0145643322339561	1.8139124217059 
-19.97	0.9935965	0.0152129374564096	1.40824725959382 
-19.92	0.989939	0.0158466718737306	1.70072761658537 
-19.87	1.0000845	0.0161432982591604	1.59988588563669 
-19.82	0.999272	0.0137034028044516	1.45591263082189 
-19.77	0.996085	0.0121492332441621	1.49511002341007 
-19.73	1.0014835	0.0148199255183156	2.10036874831554 
-19.68	0.999292	0.016347807063624	2.0130894889729 
-19.63	1.00081	0.0102349879798351	1.51804100857277 
-19.58	0.9935645	0.013838278518964	1.44111127865243 
-19.53	1.00166	0.0147644241693549	1.44678073681608 
-19.48	1.004536	0.0151202817434068	2.02504127676196 
-19.43	0.998091	0.0156221445053926	1.49608128996469 
-19.38	0.9978165	0.0131032504103291	1.0643546814604 
-19.33	1.0000615	0.0164194211946835	1.81280163837233 
-19.29	1.003593	0.0116511892774492	1.09056087951818 
-19.24	1.013378	0.0114904223732546	0.342658402625154 
-19.19	1.013856	0.0169435848440766	1.89369348803441 
-19.14	1.0237395	0.0128872456225852	1.36707410177087 
-19.09	1.0080945	0.0124447424853356	0.507723261499875 
-19.04	1.0320725	0.0130856373152922	0.976982078525696 
-18.99	1.0173465	0.0131468464399562	1.28646437732894 
-18.94	1.02572	0.0140760262783739	1.6595612982146 
-18.9	1.037548	0.0136809912691027	1.41042557022091 
-18.85	1.0423145	0.0142620846173194	1.63508630071661 
-18.8	1.029759	0.0157176394035826	2.01667790965671 
-18.75	1.0293845	0.0136706729803928	0.520235112821415 
-18.7	1.024648	0.0139927976210319	1.47897064688382 
-18.65	1.0386215	0.0132177477478697	1.84857366484552 
-18.6	1.0204855	0.0147382865086321	1.29472013164043 
-18.55	1.0306155	0.0143684997110822	1.70828673957245 
-18.5	1.0105505	0.0147980700999897	1.17739038907508 
-18.46	1.016336	0.0143013622464877	1.32029494533084 
-18.41	1.003768	0.0121397865237452	1.41130223198148 
-18.36	1.023026	0.0135404094628284	1.03807061913628 
-18.31	1.002752	0.0136570500783333	1.78994606873769 
-18.26	0.9901655	0.0146991644857436	2.19612021675762 
-18.21	0.990298	0.0131368067096352	1.22866773901427 
-18.16	0.989194	0.0134579373566211	1.69762630671277 
-18.11	1.000638	0.0137565619174805	0.300869235475456 
-18.07	0.9889365	0.0159168438669295	1.6273112041821 
-18.02	0.997556	0.0117945100520717	0.650717817512152 
-17.97	0.9967635	0.0161851554063072	2.01145114697594 
-17.92	1.003082	0.0131545863925056	1.48468723988576 
-17.87	1.012348	0.0153267099501079	1.58545782864414 
-17.82	1.011359	0.0139046985243346	1.6143659023166 
-17.77	0.993135	0.016788836673281	2.0322150941281 
-17.72	1.0002365	0.0120160450954897	0.863799767262162 
-17.67	0.988422	0.0148844573120314	1.59571292999238 
-17.63	1.003947	0.0134263049351088	1.20373133429978 
-17.58	0.986726	0.0131492022571713	1.239145602581 
-17.53	0.984863	0.0157592436032752	1.65111511690081 
-17.48	0.9789445	0.0149097656005438	1.69464500404288 
-17.43	0.990393	0.0142699740345723	1.94507628860012 
-17.38	0.9745305	0.0168186946345585	2.08015025385919 
-17.33	0.9768305	0.0156530294612829	1.60698309817331 
-17.28	0.9854145	0.0124056763217488	1.0611167345668 
-17.23	0.9718115	0.0131262526319546	1.55548644336126 
-17.19	0.988168	0.0144948457626913	2.35962964511472 
-17.14	0.9760445	0.0140102351590017	1.03972544449653 
-17.09	0.9831685	0.0129491545243208	0.50614021687131 
-17.04	0.9740125	0.014515478081943	1.93994140550925 
-16.99	0.9670085	0.0130960199960462	0.803763174687364 
-16.94	0.98503	0.0118061500476391	1.31717463228272 
-16.89	0.997068	0.0118761714546841	2.11802043507632 
-16.84	0.976865	0.00999665707282085	1.55771139233618 
-16.8	0.9846255	0.0148502838799731	1.59336354550022 
-16.75	0.983699	0.0149288050426014	1.35942038963392 
-16.7	1.001323	0.0160383471717007	1.82283211338447 
-16.65	0.9847165	0.0170279983911946	2.16778454158495 
-16.6	0.988611	0.0151943566047259	1.67854648069904 
-16.55	0.992244	0.0130756033975693	1.80799955399614 
-16.5	1.0009415	0.0123762069161589	1.45211906442164 
-16.45	0.9890585	0.0138031179830005	1.08307301776959 
-16.4	0.997355	0.0142988606465506	1.14417243355441 
-16.36	0.986115	0.0162112928475638	2.1892159009549 
-16.31	0.9896065	0.0139477080837489	1.63928182389538 
-16.26	1.0068415	0.0142118535681347	1.61155481119594 
-16.21	0.9928725	0.0120753903173268	0.66363648368309 
-16.16	0.9965595	0.0132698254757889	1.06562438137215 
-16.11	0.9929595	0.0176942382757183	2.40432667772106 
-16.06	0.9846515	0.0128672167174036	0.414495460992533 
-16.01	0.9930905	0.0140558294611917	1.82572123994979 
-15.97	0.9908695	0.0148146906019525	1.92527063635989 
-15.92	0.9970685	0.0143965212446399	1.20494287245525 
-15.87	0.99167	0.0132759283548914	2.07147731680005 
-15.82	0.9911075	0.0130344328909805	2.13752071621393 
-15.77	0.976011	0.0120610285412847	0.611475095123621 
-15.72	0.9933035	0.0160701613901436	2.03267150166399 
-15.67	0.9772305	0.0122161599078735	0.699769227982932 
-15.62	0.9910085	0.0144070995930552	1.54267715942027 
-15.57	0.9816365	0.0142586517687739	1.88603090785902 
-15.53	0.9810985	0.013062053628737	0.914990243484961 
-15.48	0.9755945	0.0149490061190491	1.46109736453574 
-15.43	0.972862	0.0100560024494407	0.839189210728532 
-15.38	0.9913465	0.0153029836358109	1.84525710063749 
-15.33	0.9803115	0.0102324963641384	1.24764930545355 
-15.28	0.996899	0.0162660119978988	2.06764112706113 
-15.23	0.987851	0.0127163619838877	0.841177797225326 
-15.18	0.986988	0.0133079828041589	1.27809404026707 
-15.14	0.999368	0.0147524719070541	1.77027908415316 
-15.09	1.00003	0.014721343974687	1.64308554040336 
-15.04	0.990805	0.0119809087169634	0.606053510665475 
-14.99	0.990217	0.0146414394244915	1.67711579925555 
-14.94	0.996252	0.0113708054614484	0.185842237345262 
-14.89	1.0063775	0.0137083996052363	1.548074931874 
-14.84	0.9853245	0.0114254874248207	1.42832037901535 
-14.79	0.990505	0.0132672023386521	0.740289906991181 
-14.74	0.993254	0.0112834916208545	1.27658538039955 
-14.7	0.977757	0.0155653867350132	1.81169874645701 
-14.65	0.9860735	0.0150137597503792	1.76829808200252 
-14.6	0.989326	0.0112697206802354	2.99241391252179 
-14.55	0.9746445	0.013716234896532	1.00136563163459 
-14.5	0.9890555	0.0131158411552796	0.651921754722101 
-14.45	0.978772	0.0158741489950104	2.09203854967931 
-14.4	0.983334	0.0113601780934891	0.704613026743276 
-14.35	0.978589	0.0107703647497244	4.4153891398831 
-14.31	0.9828805	0.012580214823285	0.681392778142455 
-14.26	0.975987	0.0136788592553003	1.56432934779868 
-14.21	0.983372	0.0123184818784408	1.39970717813359 
-14.16	0.9756585	0.0130453428975934	1.19894636324242 
-14.11	0.978111	0.0140884106533293	1.88389185980924 
-14.06	0.9744065	0.0125328386648836	0.855902882852312 
-14.01	0.9756505	0.0133029377345164	1.08794397154237 
-13.96	0.996496	0.0133364204145522	1.76570406120288 
-13.91	0.988369	0.0122121535236096	1.60165237202588 
-13.87	0.987492	0.0132729473980567	2.17071430594973 
-13.82	0.98839	0.015990339846953	1.97539911390567 
-13.77	0.9750605	0.0139541910229602	1.39698097816319 
-13.72	0.997483	0.0143954616751984	1.3895601148129 
-13.67	0.981655	0.0155718245897079	1.38296861972122 
-13.62	0.99906	0.0133168496353502	2.63988210682547 
-13.57	0.998108	0.0163496665345038	1.67006866821762 
-13.52	0.987664	0.0160664516109943	2.04204048098778 
-13.48	1.005563	0.0144469982677153	1.37428822733913 
-13.43	1.007707	0.0134552467168211	1.95995056641735 
-13.38	0.9974275	0.0139296415773588	1.45174751881785 
-13.33	1.011483	0.0142976766975396	1.9721141807139 
-13.28	0.985209	0.0138210940613481	1.54162752988829 
-13.23	0.999699	0.0139600893150513	2.20235581345146 
-13.18	0.9837425	0.0141676499091193	2.0326607660054 
-13.13	0.999225	0.0136283174618918	1.29671964692908 
-13.08	0.9876605	0.0154561970113166	1.24645416982649 
-13.04	0.991465	0.0142044275899416	1.07468184102962 
-12.99	0.9960595	0.0151026353486299	2.14420287263824 
-12.94	0.982669	0.0155507152991684	1.69898368107885 
-12.89	0.994895	0.0138524607352287	1.11060258093486 
-12.84	0.9808025	0.0157613888230568	2.02269214240685 
-12.79	0.9939825	0.0150095351711048	1.38953268331228 
-12.74	1.0055155	0.0157815436757458	1.78062355172 
-12.69	0.987996	0.0124655847921598	1.03305357155577 
-12.64	1.0035235	0.0135970690630468	0.718397836874032 
-12.6	1.007215	0.0147978524402058	1.38242793013852 
-12.55	1.01105	0.0150025317161717	2.12596416165886 
-12.5	1.009793	0.0132750327980564	1.65055830204604 
-12.45	1.000847	0.0130910540366112	1.82295761971051 
-12.4	1.0028805	0.0126119819699572	1.75174059953742 
-12.35	1.011619	0.0135398884003797	1.29379979794834 
-12.3	1.001182	0.0116971380215306	1.11186788623213 
-12.25	1.002604	0.0146553770983464	1.75000244548062 
-12.21	0.9956705	0.0136481961310489	1.50157053332308 
-12.16	0.993191	0.0149736543723687	1.2400679599511 
-12.11	0.9860925	0.0173967770381697	2.03487005629122 
-12.06	0.996495	0.0115388741127319	0.679166477505985 
-12.01	0.9900325	0.0145266886417634	1.09827349891332 
-11.96	0.9919125	0.010484601679054	1.006523900663 
-11.91	1.0101015	0.0147989147094963	1.66186251940296 
-11.86	0.9984735	0.0150422616143213	1.67168656516469 
-11.81	1.0020425	0.0140975883995885	0.687382347349416 
-11.77	1.0025565	0.0110652748794549	2.08992805646759 
-11.72	1.007502	0.0129099670185889	1.66367439763897 
-11.67	1.005928	0.0154211845404813	1.69386520912165 
-11.62	1.013556	0.0127441831519532	1.46585550363797 
-11.57	1.0084195	0.013663254399647	0.387046910415012 
-11.52	1.0132095	0.0139195732976795	1.55839622518406 
-11.47	1.0243065	0.0127045057382266	0.669742352684909 
-11.42	1.0216115	0.0144946655432448	0.972431639000847 
-11.38	1.015686	0.0140819079149921	1.29854030660723 
-11.33	1.010798	0.0122316206267974	0.719635912691265 
-11.28	1.019995	0.0146106804841707	1.17352168624601 
-11.23	1.0236475	0.0135616180043067	1.8480814414343 
-11.18	1.0063725	0.0153333845870616	1.31327989518164 
-11.13	1.0186785	0.0139186059779139	1.55508560592185 
-11.08	1.024608	0.0132348724369014	1.25424811017859 
-11.03	1.0145595	0.0144521200320594	1.43648829653998 
-10.98	1.028689	0.0139679896831818	1.24826972695511 
-10.94	1.022176	0.0155851604182683	1.81110546612621 
-10.89	1.0057805	0.0151135354026919	1.34162827047985 
-10.84	1.0121305	0.0133253875128801	1.91132869750041 
-10.79	1.011262	0.0165901542139338	1.31767022875849 
-10.74	1.0143575	0.0149845263609884	1.6119923819464 
-10.69	0.9972175	0.0144287114626942	1.46746056419449 
-10.64	0.9988515	0.0151672123084806	1.38400417194608 
-10.59	0.9994725	0.0135362926880606	1.36087771398768 
-10.55	1.012079	0.0154293380490408	1.22566920863301 
-10.5	1.0093415	0.0162780489180659	1.44698462895173 
-10.45	1.0041005	0.0142019318459812	0.856320119897402 
-10.4	1.005442	0.0128364217017541	2.72594968746715 
-10.35	1.025888	0.0102064874106206	0.927655192037032 
-10.3	1.0163035	0.0148513806818725	1.64024114315696 
-10.25	1.003139	0.0148155099739926	1.32915749520813 
-10.2	1.0034375	0.0125403331925012	1.07556093780381 
-10.15	1.0118425	0.0130726326728781	0.814563275103028 
-10.11	1.0265495	0.0151785501266547	1.50973127326355 
-10.06	1.013276	0.0149390760652796	1.38703493275579 
-10.01	1.0288795	0.013626400642638	2.0795131853481 
-9.96	1.0080535	0.0128495321540882	0.450658566459128 
-9.91	1.0067655	0.0153544687392029	1.54127633530019 
-9.86	1.012673	0.015292896562233	1.94627315888411 
-9.81	1.0197725	0.0159999078533531	1.95643719760401 
-9.76	1.0049525	0.011897397271761	1.3755621782111 
-9.72	1.0299075	0.0152479823945748	1.5156938931339 
-9.67	1.0244915	0.0123285741161273	0.739981767787894 
-9.62	1.004028	0.0154180378299677	1.74801680031152 
-9.57	1.0034455	0.0136100340209947	1.40082874026063 
-9.52	1.0190575	0.0161445998385642	1.57525827691065 
-9.47	1.0092485	0.0164832154741853	1.80199694427516 
-9.42	1.0048865	0.0149857245315948	1.64051966372731 
-9.37	1.0124725	0.0150799332942124	1.3713015906236 
-9.32	1.01931	0.0160099232385812	1.66989741967237 
-9.28	1.0201885	0.013246882165448	1.58462570570581 
-9.23	1.0156525	0.0155972598386282	1.55115602158786 
-9.18	1.005265	0.0168861785586849	2.15787161063333 
-9.13	1.0296945	0.0159343926196732	1.89557735900134 
-9.08	1.012387	0.0120374958490456	0.72038770543769 
-9.03	1.005289	0.0159791811594435	2.00913633189801 
-8.98	1.0090855	0.0141219450259442	1.24194188900963 
-8.93	1.0187425	0.018646403879343	2.58140500633969 
-8.89	1.0077025	0.0134322388599025	0.925382281815885 
-8.84	1.011091	0.0139050596243919	0.953004605706969 
-8.79	1.017359	0.0144210094909074	1.94685615200111 
-8.74	1.006664	0.0138313760018757	1.08989549447903 
-8.69	1.0077965	0.0146885058087859	2.05232623006028 
-8.64	1.002307	0.0152898707784289	1.3003389315163 
-8.59	1.022546	0.0167637724682847	1.94011838628174 
-8.54	1.0074855	0.0141296286221542	0.814001712313867 
-8.49	1.005278	0.0142446645967423	0.972669665210203 
-8.45	1.013443	0.0130390878353874	1.2987795065038 
-8.4	1.031066	0.0139721190044203	1.65735174223724 
-8.35	1.02287	0.0143294419034084	1.50376620200907 
-8.3	1.002257	0.0160785064441224	2.11671154579594 
-8.25	1.0195435	0.0159580134217396	1.70321958292689 
-8.2	1.0192705	0.0147419824686255	1.33348045332319 
-8.15	1.0219445	0.0118590265310083	1.17335844378454 
-8.1	1.027001	0.012403225768875	0.632257434144792 
-8.05	1.027776	0.0147610973062374	1.67057146559497 
-8.01	1.010911	0.0149720964674817	1.65770616780863 
-7.96	1.0314095	0.0134154622004846	0.673664030119269 
-7.91	1.017616	0.0149533229540601	1.20171231041362 
-7.86	1.0278675	0.0158275904589689	2.00222456205828 
-7.81	1.0293085	0.0149578693511581	1.43103106491216 
-7.76	1.0208455	0.0159701552162645	1.78335588938666 
-7.71	1.011314	0.0152760016124364	0.994557508093543 
-7.66	1.0265865	0.0157952545421918	1.57158097789454 
-7.62	1.0184885	0.0162801258481493	2.00856259252998 
-7.57	1.0258935	0.0141660436385189	1.65591724570521 
-7.52	1.0196115	0.0150019740016895	1.43460350537096 
-7.47	1.0412205	0.0136431881885199	1.29099580223266 
-7.42	1.0234345	0.0157913415566219	2.37448505325878 
-7.37	1.037653	0.0137459479579677	0.771311372937591 
-7.32	1.04245	0.0152227153674334	1.42505998094231 
-7.27	1.0385115	0.0143129680893348	1.44970650417274 
-7.22	1.032602	0.014510247050746	1.15351909967465 
-7.18	1.052564	0.0137224600372413	1.99369579202563 
-7.13	1.048668	0.0147232693022769	1.55659591849961 
-7.08	1.0402725	0.0151303779042797	1.6680477103784 
-7.03	1.06028	0.0145379720586796	1.13284241893658 
-6.98	1.054865	0.0162588393772353	1.6630743004987 
-6.93	1.061431	0.0139776204209293	0.828519781771471 
-6.88	1.061749	0.0153926571352775	1.23507445858932 
-6.83	1.062933	0.0136076337321914	0.570797001178465 
-6.79	1.078124	0.0122922484774584	3.66472110982353 
-6.74	1.078697	0.0163888794453338	1.06095960453367 
-6.69	1.0778005	0.0166375537406701	1.56545175969843 
-6.64	1.0644355	0.0157331819898683	1.32534527400391 
-6.59	1.073495	0.0160130675255851	1.47730120346854 
-6.54	1.0783465	0.0125622308926401	1.31695744296337 
-6.49	1.0936595	0.0164531713388411	1.4816528795682 
-6.44	1.0821715	0.0155658902648336	0.967572850249334 
-6.39	1.091283	0.0148973929545443	0.708103587914769 
-6.35	1.0839665	0.0168078131189666	1.71505890380895 
-6.3	1.099042	0.0149847201473613	0.757764270200237 
-6.25	1.0895965	0.0164904419764586	1.35134991986981 
-6.2	1.09279	0.017143976078771	1.29389597932382 
-6.15	1.0987105	0.0136880525987946	1.48484866876876 
-6.102	1.113574	0.0143490507296512	1.60256981252575 
-6.053	1.1028455	0.01401492079892	2.08085001396924 
-6.004	1.126192	0.0115766487287761	0.880045995243391 
-5.955	1.1077825	0.0137137207032342	1.41189695808071 
-5.906	1.128149	0.0168200950932915	1.51648903595778 
-5.858	1.1373385	0.0163725837188753	3.84155125443598 
-5.809	1.1234755	0.0140986970189298	0.784155248728122 
-5.76	1.125275	0.0138899412677323	0.759035131826718 
-5.711	1.147162	0.0187367206589796	1.91637917660307 
-5.662	1.137908	0.0137772675466738	2.3573687994815 
-5.613	1.1350685	0.0174809686817588	1.33767297560128 
-5.565	1.144103	0.016944684028984	1.6011238696875 
-5.516	1.153993	0.018896687846788	2.02355714985303 
-5.467	1.147893	0.0204178201578915	1.87009231987345 
-5.418	1.165052	0.0146770621612164	0.904760601879408 
-5.369	1.1688675	0.0168132563222564	1.43729844988759 
-5.32	1.153205	0.0163022386257387	1.7098482902812 
-5.272	1.172544	0.0155339879991551	1.11717639420201 
-5.223	1.1669135	0.0182375951424235	1.52753009304851 
-5.174	1.183383	0.020365336416775	1.93708150136017 
-5.125	1.185033	0.0184909969843079	2.38094466722952 
-5.076	1.185292	0.0174600556458991	2.00737559173556 
-5.027	1.182745	0.0154319458472216	1.20619404927011 
-4.979	1.188282	0.01474274651267	1.67638054175783 
-4.93	1.2030775	0.0210526345082235	2.26137847718416 
-4.881	1.203822	0.0190240378690252	1.49375081602502 
-4.832	1.1893605	0.0148861339489932	1.2458244125459 
-4.783	1.20311	0.0159506188627672	0.922895752956546 
-4.735	1.1938515	0.0165852236946024	2.0199714545396 
-4.686	1.191659	0.0185033513038499	1.81089711270536 
-4.637	1.209293	0.0227390605508856	2.84028208959665 
-4.588	1.208069	0.0164866641163157	2.48150562591204 
-4.539	1.208689	0.0173398667207893	1.07312957584158 
-4.49	1.20274	0.0187868582286997	1.73542184265387 
-4.442	1.200417	0.0156578747969798	0.916678348011966 
-4.393	1.1913435	0.0175164056259448	1.25485361061399 
-4.344	1.2035485	0.0182278284282721	1.48994066302883 
-4.295	1.1976225	0.0160025734361367	2.33455612324395 
-4.246	1.1759325	0.0143914338099184	0.856844384938542 
-4.197	1.1862995	0.0169298414439058	1.36592661838992 
-4.149	1.1831575	0.0168859421054756	2.06313273483509 
-4.1	1.170371	0.0136646705046262	1.01297708057263 
-4.051	1.176085	0.0168922403549833	1.44308428503883 
-4.002	1.1825125	0.01884657245817	1.6694669636407 
-3.953	1.1680725	0.0182193670451615	1.89647474178922 
-3.904	1.1691235	0.0155607479440722	1.70564591623316 
-3.856	1.155213	0.0193789555147357	2.21819648070424 
-3.807	1.1805215	0.0174718279328692	1.51171419398973 
-3.758	1.163889	0.0162807532154737	1.2130392902979 
-3.709	1.1747415	0.0183597174255861	1.40340628049577 
-3.66	1.1600795	0.0122544760780447	0.82008252990367 
-3.611	1.1605845	0.0162093668420778	1.04701011241169 
-3.563	1.1613225	0.0146150790461877	0.988523446206803 
-3.514	1.1730635	0.0161041368581917	1.45067433755511 
-3.465	1.154557	0.0192175523114185	2.2630745266356 
-3.416	1.1374885	0.0176756750113047	1.65655641555377 
-3.367	1.1483645	0.0171417776745034	2.22625837125155 
-3.318	1.137129	0.0127740184090908	1.20483545009856 
-3.27	1.122839	0.0148394608711829	1.3602727667137 
-3.221	1.1236055	0.0162027812670996	1.67423416781274 
-3.172	1.1175545	0.0175010437207553	1.74479400806943 
-3.123	1.09072	0.0168451789136114	2.16719414729692 
-3.074	1.0993535	0.0139741781699789	1.3848540822446 
-3.025	1.089213	0.011719936725175	0.828996785665251 
-2.977	1.084181	0.0131085841300553	1.26331172041072 
-2.928	1.077235	0.0143397942802538	1.04279960804041 
-2.879	1.0499455	0.0145774564509364	1.91043878225713 
-2.83	1.053294	0.0128823042234401	0.189960030829315 
-2.781	1.047896	0.0134420621851513	1.21627692420067 
-2.732	1.019179	0.0125232204955014	1.29913183156979 
-2.684	1.0099155	0.015822305200005	1.87487885643665 
-2.635	0.9989735	0.0139443662553433	0.817279587893641 
-2.586	0.9821795	0.0151208021490786	1.72598662989964 
-2.537	0.980098	0.0137544031610168	1.5026065288821 
-2.488	0.9730515	0.0134401093647649	1.89782313556373 
-2.439	0.946008	0.0137849164707394	0.992956105403141 
-2.391	0.927733	0.013290528127006	1.48621850899874 
-2.342	0.9379585	0.0144259168366849	1.37618492621098 
-2.293	0.929847	0.0137221615222277	1.83627753237923 
-2.244	0.897253	0.0128538473044577	1.40551864368 
-2.195	0.888148	0.0128109634791126	1.54718187898767 
-2.147	0.8761845	0.0123034738248145	1.53192277489323 
-2.098	0.8727015	0.0131380625324004	1.46289857987835 
-2.049	0.844689	0.0108058706753612	0.850962029017143 
-2	0.841127	0.0117548601818455	1.15930020409957 
-1.951	0.813413	0.0129507443801505	1.33728184709781 
-1.902	0.8027885	0.0104904273531936	0.478228156197815 
-1.854	0.783478	0.0131404143970544	2.12701143966659 
-1.805	0.7490445	0.0115285026530358	1.74371276996931 
-1.756	0.7427545	0.0103920751562251	1.02704455202603 
-1.707	0.7250125	0.00948162093348578	0.896669896893353 
-1.658	0.7183445	0.00951015549986323	0.407656958122464 
-1.609	0.6957505	0.00936360730926416	0.674301301252066 
-1.561	0.687485	0.0105798515062706	1.99208972846258 
-1.512	0.664355	0.00948012352795381	0.974988745827094 
-1.463	0.649569	0.0101540274094361	1.45980467764394 
-1.414	0.638723	0.00871288948385636	1.01700403439465 
-1.365	0.6202035	0.0100426979364165	1.24530552968745 
-1.316	0.6043635	0.0109658615112635	2.30007571459849 
-1.268	0.598271	0.00700735846318561	0.968365609981306 
-1.219	0.5902715	0.00815203447322394	0.838865899006225 
-1.17	0.566338	0.007372367755056	1.60602342751454 
-1.121	0.563967	0.00763420426350004	1.28284587060134 
-1.072	0.5498075	0.00744187290730102	2.56285184457422 
-1.023	0.536824	0.00721049191693678	0.997615709033197 
-0.975	0.5225005	0.00591143003003502	3.57502454060875 
-0.926	0.516931	0.00723143350424492	1.31622628252239 
-0.877	0.5010995	0.00685019667408784	1.2599671952113 
-0.828	0.502158	0.00645253324386306	1.82988496985651 
-0.779	0.48591	0.00759244638474735	1.28144955834693 
-0.73	0.477284	0.00714406076475602	2.30560314337732 
-0.682	0.470136	0.00712862753454799	1.37464513349234 
-0.633	0.4542825	0.00714609490340151	2.56631459454743 
-0.584	0.4517885	0.00701139544260853	1.54454415268018 
-0.535	0.4410425	0.00673673032904805	2.0116495106181 
-4.86E-01	0.4344955	0.00517781855611029	1.48120095194185 
-0.437	0.4331065	0.00666001681284427	1.40137715030281 
-0.389	0.425278	0.00663772440397745	1.9862067436948 
-0.34	0.418736	0.00627658757438684	2.19650161023017 
-0.291	0.4082395	0.0067302603961511	1.62003345393693 
-0.242	0.402414	0.0064468992138612	1.81044344848279 
-0.193	0.3972275	0.00505843628323803	1.85642553932319 
-0.144	0.397326	0.00407897742603526	1.50107079107989 
-0.096	0.394326	0.00529583093226719	1.36093570204729 
-0.047	0.3945375	0.00595945765370606	1.35612349725454 
0.002	0.3962175	0.00483875242185421	1.55788307566924 
0.051	0.3926375	0.00604967234867441	1.92203058824353 
0.1	0.3961005	0.00565827523934728	1.16153978605429 
0.148	0.3969375	0.0059813023357442	1.60900497908883 
0.197	0.389387	0.00601814283295891	1.245468788408 
0.246	0.39334	0.00545626920928674	1.82261948237169 
0.295	0.3982085	0.00465178095492808	1.68329018791538 
0.344	0.4040425	0.0072548748583643	1.77781456931394 
0.393	0.407843	0.00678074060541286	1.78835284963768 
0.441	0.417644	0.00527605055639957	0.816796614760682 
0.49	0.421968	0.00605845437992928	3.14481707495064 
0.539	0.4254	0.00669774117461292	1.72750149832064 
0.588	0.432738	0.00549740187437857	1.61852633516981 
0.637	0.435768	0.00707088143094808	2.02147663402212 
0.686	0.4463815	0.00679920140434464	1.79386452504006 
0.734	0.4504655	0.00664026749223411	2.16713936801508 
0.783	0.4580395	0.00569294713705152	1.29565416669536 
0.832	0.459055	0.00701762105439998	1.02622578142627 
0.881	0.466262	0.00658568671238499	1.27411672429347 
0.93	0.4801505	0.0063083757814512	1.79461372510717 
0.979	0.47694	0.0066033603885486	1.051662807095 
1.027	0.498264	0.00831717209025684	2.20184886363513 
1.076	0.5001485	0.00709375950729713	1.55888394989344 
1.125	0.504133	0.0049866760366738	0.885998434199508 
1.174	0.5226335	0.00687524030202045	1.38805874283865 
1.223	0.5238065	0.00708011914484941	1.57210482737885 
1.272	0.535619	0.00829342282204779	0.826847305790546 
1.32	0.54354	0.00738033874561323	1.31374422266985 
1.369	0.55813	0.00919924653665207	2.04629078306293 
1.418	0.5670315	0.00682874441337189	2.26404549321861 
1.467	0.5879485	0.00675201355932164	1.11793677772585 
1.516	0.5899635	0.00927382523415684	1.90185507859387 
1.565	0.6133205	0.00847765016784846	1.72790551420335 
1.613	0.623524	0.00923387208511198	1.93124744992664 
1.662	0.6354235	0.00987549613677047	2.10159319134 
1.711	0.6546045	0.0103854977201257	1.71205218741606 
1.76	0.657983	0.0093648312430351	2.11992902202863 
1.809	0.6821935	0.00925752227565296	1.0299223386505 
1.858	0.6842995	0.00977660390664205	1.68991089869486 
1.906	0.7019355	0.0102906551758072	1.84530172404347 
1.955	0.7345185	0.0117177913650007	1.99182924366266 
2.004	0.742534	0.00990266864616754	1.4487587634742 
2.053	0.759413	0.00926861262541487	0.538169919442628 
2.102	0.7825275	0.0118556989960192	1.84363869009379 
2.151	0.793664	0.0112075465177428	1.79067287563204 
2.199	0.8062465	0.0102984946651645	1.67774498624511 
2.248	0.8302515	0.0102581019455997	1.12751118661198 
2.297	0.823544	0.0141406001510395	2.1751628197223 
2.346	0.8381	0.0113407861975679	1.58766592723572 
2.395	0.862411	0.0139138011379085	2.5315649389159 
2.444	0.880263	0.011945305221806	1.714123538362 
2.492	0.905132	0.0122852995593578	1.12456675177275 
2.541	0.9103825	0.0115861395755082	1.1437977814423 
2.59	0.9258025	0.0130910390705768	0.657105058341564 
2.639	0.9533275	0.0128739761473332	0.85420638033216 
2.688	0.962658	0.0147284192169961	1.74997559850993 
2.736	0.9715555	0.0126963763893897	0.81730587222984 
2.785	0.9710955	0.0126926238318498	1.46142515426595 
2.834	0.9855885	0.0128830607980525	0.953109270744837 
2.883	0.9838935	0.00993373851022231	0.285326407093295 
2.9318	1.0184115	0.0132977846492921	0.798656137783919 
2.9806	1.0168335	0.0150960110712452	1.09915688372743 
3.0295	1.035955	0.0141312309964024	1.11474743987202 
3.0783	1.0522535	0.0145897448752991	1.61029152642197 
3.1271	1.0447485	0.0151757230903766	1.19963432119135 
3.176	1.056868	0.0165737454395419	1.44208520981833 
3.2248	1.077685	0.0152461292758109	1.37840008107497 
3.2736	1.0814175	0.0149444416264481	1.30101171362811 
3.3225	1.0972885	0.0144772977541791	1.01323367227027 
3.3713	1.0958485	0.0156488022998904	2.94790815802057 
3.4201	1.0855795	0.0150982280155827	2.23053357411334 
3.4689	1.097748	0.0158007873221558	1.81330181572596 
3.5178	1.1163065	0.0164729511224981	1.67566619451235 
3.5666	1.117309	0.0168144395652884	2.2383634149302 
3.6154	1.131238	0.0166804555030573	1.75190840328522 
3.6643	1.1393665	0.0126332311468811	0.578402843207709 
3.7131	1.12843	0.0171948248028295	1.98282089932334 
3.7619	1.139782	0.014230641365877	0.515244945412249 
3.81075	1.1536965	0.0161781084298635	1.68886371609132 
3.85958	1.149918	0.0165233055823712	1.31239059553164 
3.90841	1.153699	0.0188921782478191	1.89911270275823 
3.95724	1.159288	0.0139133834093199	0.2757160093748 
4.0061	1.1667185	0.0157767578134819	1.40838658513824 
4.0549	1.171021	0.0145656246004076	0.885066888396347 
4.1037	1.1825265	0.016479310880776	1.08443539233848 
4.1526	1.168841	0.0166884838641564	1.62787504843316 
4.2014	1.1761585	0.0166041165710574	1.24516251708758 
4.2502	1.1671535	0.0189386094846091	1.44005918697258 
4.2991	1.1748815	0.0154934968615868	1.59232058133064 
4.3479	1.1920515	0.0167580319391534	0.997762171669277 
4.3967	1.183815	0.016336042328158	1.00722433234812 
4.4455	1.185074	0.0186641046988739	1.82355704823003 
4.4944	1.1819905	0.01748501417756	1.68701797786679 
4.5432	1.178729	0.0151660486128166	1.03022393074518 
4.592	1.190701	0.0162369704524485	1.76884946942027 
4.6409	1.185941	0.0174411515493795	1.63815401893398 
4.6897	1.1962085	0.0148626356927983	1.1249121323411 
4.7385	1.1987765	0.0172122139237779	1.2525921449623 
4.7874	1.1877855	0.0126448589407545	0.429357735098639 
4.8362	1.1929495	0.0158217273908881	0.921798062881025 
4.885	1.187039	0.0174043061519722	1.12157124950399 
4.934	1.1883045	0.0195357794491085	1.6511382500654 
4.983	1.1959995	0.013577902897917	1.20872299824073 
5.032	1.179089	0.0177331126189932	1.42316771666462 
5.08	1.2005715	0.0172454144248322	1.85538766494823 
5.129	1.198773	0.0162985517923009	1.29046447628367 
5.178	1.193241	0.0139101144192956	1.4540039562523 
5.227	1.173123	0.0144454881318847	0.860338578993549 
5.276	1.164014	0.0180039490989587	1.62825318926691 
5.324	1.172278	0.0179954566195851	2.04925334881159 
5.373	1.1826025	0.0161278173793311	1.08513363242259 
5.422	1.1783405	0.0197245256029938	1.91572260409991 
5.471	1.159581	0.0124650998687071	1.22380171511725 
5.52	1.176545	0.0176048036207824	1.44259332716649 
5.569	1.169804	0.0165473945794624	1.59952439045191 
5.617	1.165647	0.0171178386793611	1.42412215667196 
5.666	1.166935	0.0185464385856295	1.93695548072858 
5.715	1.1678095	0.0153229894276541	1.29384236100953 
5.764	1.154664	0.0165785303138855	1.56894545319551 
5.813	1.1652015	0.0166927022425339	1.3294210676879 
5.862	1.146654	0.0165785639654916	1.45378891172841 
5.91	1.1425195	0.0176895150256333	1.5287376536378 
5.959	1.1333555	0.0178801011050362	1.64219244675153 
6.008	1.1141905	0.0135183164145618	0.694813863050755 
6.057	1.132904	0.0143187026757241	0.828625207693622 
6.106	1.116703	0.0147987094387528	0.583304382419257 
6.155	1.116447	0.0163010823341016	1.63246875321231 
6.203	1.1068205	0.0153590756557808	1.98472391295512 
6.252	1.117813	0.014206622658761	0.961375004711365 
6.301	1.0799705	0.0157199643346991	1.41615072841656 
6.35	1.0966925	0.0178597530114943	2.34356565567858 
6.399	1.084386	0.0122243994148028	1.72859652241302 
6.448	1.0810425	0.0103525063708212	0.133814007942146 
6.496	1.0871505	0.015715974935011	1.15033490835703 
6.545	1.096637	0.0133369570032021	1.294939347667 
6.594	1.0850165	0.016773321635389	2.04063222563034 
6.643	1.0738035	0.0139383413930594	1.59983842750905 
6.692	1.0923645	0.0162229098807828	1.56234432990734 
6.741	1.086033	0.0143899142676938	1.89748137240206 
6.789	1.0880115	0.0155029689092122	1.62321229110363 
6.838	1.074108	0.0155689297877806	1.45996943712946 
6.887	1.061481	0.0143300669921672	0.852435032533488 
6.936	1.057189	0.0176077999761469	1.79077318437297 
6.985	1.061205	0.0183068564952272	2.20142030819264 
7.034	1.0638855	0.013559606218083	1.2116638029253 
7.082	1.050961	0.0159636613330994	1.57385864942618 
7.131	1.0646355	0.0133744294418393	1.36191253995566 
7.18	1.045154	0.0121328316649711	0.321286771914019 
7.229	1.0525295	0.0127755475626807	1.49343755031486 
7.278	1.0554505	0.0145926201518006	1.29719467108296 
7.327	1.0476475	0.0146679905253798	1.51083452275035 
7.375	1.052277	0.0160049183558976	1.56956763833408 
7.424	1.0370645	0.0131985328032284	1.38563014630278 
7.473	1.0631375	0.0126910369842989	1.30041935904081 
7.522	1.0482685	0.0141659789915654	0.794872755819994 
7.571	1.055737	0.0176535423909019	2.32037817083819 
7.619	1.037078	0.014873345144569	1.89961971378358 
7.668	1.0369195	0.0145905807665515	0.816082966732184 
7.717	1.050404	0.0148944781007841	1.48124591891399 
7.766	1.05151	0.0143680215097717	0.803844755533442 
7.815	1.0596005	0.0178086192836355	2.35649209846571 
7.864	1.037657	0.0143410834575649	0.841397055259628 
7.912	1.0375875	0.0145235499774459	1.37052710234446 
7.961	1.0536545	0.0150717600952384	1.96100636796975 
8.01	1.038116	0.0169768583666119	2.03585021471689 
8.059	1.04335	0.0148220166963666	1.34970111164347 
8.108	1.0374105	0.0157669142176701	1.53211960011306 
8.157	1.025099	0.0130172371148897	1.60288064876479 
8.205	1.0286395	0.0156970256904394	1.24690259722482 
8.254	1.03868	0.0145075864001527	1.48170572108413 
8.303	1.026837	0.0170474042166635	2.10993055049979 
8.352	1.026543	0.0131254662473577	1.43238139317277 
8.401	1.0356345	0.0131772065864148	0.765381824049003 
8.45	1.0272465	0.0130114877481806	0.205080505462066 
8.498	1.031316	0.0163320019722339	2.1358554098495 
8.547	1.0331635	0.0166016303178491	2.08551668059862 
8.596	1.0400505	0.0134535424702938	1.34071636544113 
8.645	1.0283465	0.0154371862294982	1.18708179754411 
8.694	1.0280125	0.015634677340013	1.32377765606238 
8.743	1.0372835	0.0147291741559325	1.42841806464099 
8.791	1.0309035	0.0100451403673617	0.530540308067388 
8.84	1.0129625	0.0143056377826513	0.998642769083807 
8.889	1.026523	0.0150321746509559	1.33558100628286 
8.938	1.013517	0.0159856304223512	1.66573502532087 
8.987	1.0247985	0.0144001324098445	1.05196211825137 
9.036	1.0261035	0.0164360624926762	1.97690572748034 
9.084	1.0359775	0.0129461861382538	1.06980322550965 
9.133	1.0208805	0.0157445641329584	1.75184573770522 
9.182	1.01255	0.0157809378682004	1.42238529970674 
9.231	1.0261385	0.0154757036316523	1.59051140581457 
9.28	1.0161885	0.0152710370085266	2.25648127112088 
9.329	1.0180105	0.0155152018746301	1.44365809837125 
9.377	1.023865	0.0145976553632856	1.39605385120592 
9.426	1.0274405	0.0144451403137599	1.11184217480687 
9.475	1.005083	0.0137337613585147	1.41685192486661 
9.524	1.018477	0.0167510788654909	2.12128607912202 
9.573	1.0181155	0.0144755806991964	1.34303576745012 
9.622	1.0191055	0.0126917310316185	1.10332324869633 
9.67	1.001866	0.0141350212332051	1.32179771776795 
9.719	1.0086215	0.0143003548999023	1.07842004330876 
9.768	0.998079	0.0137953512001994	0.562609398470938 
9.817	1.010846	0.0146998486923827	1.46097943466862 
9.866	1.008553	0.0151868936222895	1.41493205627887 
9.915	0.9996475	0.0132828626729886	1.31236430377152 
9.963	0.990347	0.0152514337893714	1.92889131930574 
10.012	0.994929	0.0157392940723127	2.05064641576922 
10.061	0.987084	0.0143314311916152	2.01727443204219 
10.11	1.002263	0.0150581773902352	1.61889388213018 
10.159	0.9817655	0.013013390057532	0.378990121264451 
10.207	0.9784425	0.0147942342520748	1.49364945362598 
10.256	0.9767805	0.0166834628094946	2.35006737409687 
10.305	0.9694065	0.015044034059702	1.95910184470183 
10.354	0.9721715	0.0121792979120957	1.76406589534426 
10.403	0.9798525	0.0122491584565935	1.91227877921389 
10.452	0.982916	0.0158607603853031	2.3556098889524 
10.5	0.9788925	0.0114456674749605	1.47993384001905 
10.549	0.967185	0.0129582387935853	0.705160168681941 
10.598	0.978538	0.0127129944296543	1.48910441637035 
10.647	0.9748335	0.0143053535341439	1.65692445825843 
10.696	0.9947245	0.0144243144414306	1.60596598693847 
10.745	0.9883835	0.0135943224507416	1.46606280042527 
10.793	0.981096	0.0123688621780238	2.2425157504066 
10.842	0.988264	0.0142963607441305	1.79060410803587 
10.891	1.000152	0.0142254540580572	1.03740109884225 
10.94	0.989938	0.012263487784133	0.46828715281349 
10.989	0.991723	0.0129760131335516	1.4228859037526 
11.038	0.9960995	0.0112844552954846	1.8398138573135 
11.086	0.995361	0.0129348541382942	1.05093682970607 
11.135	0.9913425	0.0139117492467793	1.52379025618214 
11.184	0.9830135	0.0135912833037247	1.08270224069441 
11.233	0.976389	0.0159745000415959	1.5342253982411 
11.282	0.9936905	0.0138415155372676	0.877877819074889 
11.331	0.986114	0.0146852551901559	2.09719109162468 
11.379	0.9868005	0.0141780948445499	2.01620000164236 
11.428	0.978887	0.0144889475481358	2.10103629669989 
11.477	0.970382	0.0130704993662909	1.84031899547769 
11.526	0.9723365	0.0126072248605397	0.752880748356178 
11.575	0.9767345	0.00905668550676357	0.775074996843795 
11.624	0.9851485	0.0133510761541414	1.83488077002979 
11.672	0.978947	0.0142778349014717	1.95598124895145 
11.721	0.978081	0.013926098520404	1.53576973284848 
11.77	0.976498	0.0151385745000887	1.72737765603898 
11.819	0.992917	0.0132624833349764	1.06362870282629 
11.868	0.98558	0.012426846151102	0.686013467251588 
11.917	0.982289	0.0158554645735187	1.94706221005813 
11.965	0.984565	0.0103591543548385	1.16768310478906 
12.014	0.992453	0.0139066364694967	1.44314553022117 
12.063	0.9963945	0.0119133306470216	0.437736644775868 
12.112	0.9799525	0.0153909860410498	2.10534711051262 
12.161	0.990147	0.0100849236617417	0.43217135603399 
12.21	0.9953535	0.0104622712010447	1.52729599373535 
12.258	0.9998385	0.013107292977977	1.26376855591875 
12.307	1.009181	0.0151570924513558	1.84483015607026 
12.356	0.992378	0.0137790594744344	0.913976198421858 
12.405	0.995262	0.0151808160102427	1.5845109581124 
12.454	0.9961905	0.0163885198827523	2.20600444453401 
12.502	1.013831	0.0127267153326337	1.13569018558697 
12.551	1.019514	0.0164208764430494	2.1553370503885 
12.6	0.992869	0.0136329507560098	1.71483723975856 
12.649	1.0059065	0.0131678593053013	1.66540571257308 
12.698	1.0057995	0.0139005321651254	1.00750269633645 
12.747	1.0171015	0.0140450767830619	0.797465569620597 
12.795	1.0010805	0.0113260874811904	0.925505232983545 
12.844	1.0204255	0.0149821934572169	1.4378264116316 
12.893	1.0021395	0.0195355760425893	2.95513476214832 
12.942	1.009958	0.0167343745185267	2.29911600384235 
12.991	1.00504	0.0147378131634956	2.0063590714267 
13.04	1.015436	0.0141161290355171	1.66018092101982 
13.088	1.008373	0.0114719498182122	1.63008198356 
13.137	1.0215715	0.0148210935298666	1.94609660667876 
13.186	0.99631	0.0157092466903715	1.63426115516117 
13.235	0.996481	0.014917012506037	2.03974511370768 
13.284	1.0107405	0.0122035549070105	0.578858922978401 
13.333	0.9987355	0.0164229334116078	2.03259783349037 
13.381	0.997025	0.0139438801894179	1.17888995695578 
13.43	1.004065	0.0113694935775753	3.40063652377511 
13.479	0.9917585	0.0176819700840328	2.57878781692422 
13.528	0.9968745	0.0147004770688788	1.53055716768775 
13.577	0.9868455	0.0160804793313606	1.93983016791258 
13.626	0.9946845	0.0141431078528321	0.806367294706726 
13.674	1.0019815	0.0151655368568968	1.32094405445876 
13.723	0.9667685	0.014787620097835	2.9560085575719 
13.772	0.997042	0.0161190373226978	2.04199158204793 
13.821	0.9760745	0.0141539905011012	0.817830635640653 
13.87	0.9722425	0.0132235053378842	1.93116149975279 
13.92	0.976788	0.0132173620267952	1.24683101687255 
13.97	0.974605	0.0124374601824277	0.417443409161253 
14.02	0.992033	0.0149273863824357	1.92409646584304 
14.07	0.976651	0.0170161316341134	2.07209774801832 
14.11	0.976723	0.0133962756411113	1.89593849416183 
14.16	0.9783865	0.0120147314291993	1.46581331561711 
14.21	0.980015	0.0140953480567918	1.72489393574144 
14.26	0.9813445	0.0133597472695131	1.30919368894337 
14.31	0.987329	0.0126147828485388	1.91950177789206 
14.36	0.986546	0.0159445217122239	2.04843300576422 
14.41	0.977215	0.012371931517499	1.36609609232552 
14.46	0.965764	0.0136808977083108	1.54135493488155 
14.5	0.984119	0.0158379779743435	1.49430681148811 
14.55	0.9830995	0.0141824619178982	1.21159005656774 
14.6	1.001718	0.0156989535688814	1.89079439537662 
14.65	0.9882625	0.016719119491736	2.09866626894705 
14.7	1.0055265	0.0135050093142858	1.08314903775186 
14.75	0.9937695	0.0148726939742816	1.33010151604507 
14.8	1.005211	0.015292848311341	1.72481025477662 
14.85	0.9967905	0.0145091051176766	1.17773841813006 
14.9	0.9877785	0.0162742623003641	1.92227966370455 
14.94	0.9975255	0.0164830836649355	1.77820306994242 
14.99	0.982689	0.0132869757756669	1.55439758027973 
15.04	0.979809	0.0146995130245153	1.35421084101578 
15.09	0.994999	0.01291842702662	1.01183282889508 
15.14	0.985574	0.0124556046991325	0.912229115581504 
15.19	0.9720715	0.0151697976515665	1.69012260547725 
15.24	0.980545	0.015549701807938	1.8682207820461 
15.29	0.9735345	0.0152782099650726	1.56835874754565 
15.33	0.9840765	0.011754086982385	1.04137872583204 
15.38	0.977082	0.0155246610607972	1.57569625016765 
15.43	0.988613	0.0129230589909746	1.68949640976987 
15.48	0.992843	0.0149497502531507	1.9731852407967 
15.53	0.997325	0.0115986616741579	1.45199626917313 
15.58	0.982904	0.0122726934374866	1.41798109176944 
15.63	0.9773735	0.0147217898922508	1.86999035335906 
15.68	0.964013	0.0142493907903018	1.93907695323505 
15.73	0.9838805	0.0155230041432572	2.04408607995439 
15.77	0.9795115	0.0131834554511167	1.57759595798248 
15.82	0.981489	0.0122368666009942	0.764597819626069 
15.87	0.9699995	0.0121706045670014	1.11755673575272 
15.92	0.976021	0.0134259383284745	1.25406449090418 
15.97	0.9910495	0.0140452436133338	1.52389277079794 
16.02	0.9793435	0.013214354744587	1.46649471455186 
16.07	0.981336	0.014226842457685	1.61194662886099 
16.12	0.988687	0.0132251483326673	1.56002013646961 
16.16	1.0048575	0.0163760039065509	1.86131430526018 
16.21	0.9975395	0.0148033920277184	1.7211838749485 
16.26	0.9840455	0.0144061227754401	1.11898235227948 
16.31	0.9779005	0.0159623377377072	1.90884156768998 
16.36	0.9853965	0.0134155150851542	1.21540357292782 
16.41	1.00784	0.0129221384901221	1.22157535896828 
16.46	0.9917705	0.0140267997156571	1.31987528837489 
16.51	1.0029845	0.0147645469657983	1.38893449207914 
16.56	1.015111	0.0168939636993124	2.23529194554268 
16.6	0.9948435	0.0131625638499976	0.752086377455937 
16.65	0.992005	0.0126766617305811	0.570156861872193 
16.7	0.9868685	0.0130982655641682	0.996145910539734 
16.75	0.996861	0.0163208261852279	2.4819279987544 
16.8	0.9895275	0.0129255116461899	1.44397146157476 
16.85	1.0014155	0.0154943685780215	1.85178961436516 
16.9	1.002037	0.0149655119665534	2.27025506094196 
16.95	0.9778565	0.0131957486275734	1.06158766413067 
16.99	0.998145	0.0133211744780137	1.27223035145995 
17.04	0.992217	0.0131946006102177	1.49529374344625 
17.09	0.988273	0.0141203131395127	1.50863311554602 
17.14	0.9928605	0.0129772308598358	1.15475032569724 
17.19	0.9947065	0.0145193041282432	1.36819018330276 
17.24	1.005268	0.0142888217627774	1.14961714959572 
17.29	1.0059015	0.0135825291323663	1.05767849338047 
17.34	0.992563	0.0134556609491674	1.47456627293975 
17.39	1.0108415	0.0154541904639077	1.73968018794836 
17.43	1.001126	0.0137354583009393	1.32697475098731 
17.48	1.007915	0.0151226910373295	1.92529751085859 
17.53	1.014966	0.0152005901547483	1.23693479175972 
17.58	1.0090205	0.011596290457229	0.478190943645929 
17.63	1.020707	0.0166151557637186	2.22544705305546 
17.68	1.0205305	0.0141322890740914	0.643135745568434 
17.73	1.001782	0.0129673657593531	1.2770377518323 
17.78	1.0167875	0.0134960847636405	1.76153466230836 
17.82	1.0186385	0.0141637748741009	1.5423399860719 
17.87	1.006238	0.0131164904644979	1.08795678361785 
17.92	1.0030755	0.0144626366071882	0.796596991892234 
17.97	1.007751	0.0117886925751577	0.487712064459408 
18.02	1.014262	0.0133615834233427	1.72889477292846 
18.07	1.0163045	0.012333611958683	0.927695635374388 
18.12	1.012709	0.0138580548114768	0.737214756107428 
18.17	1.0007795	0.0141793105299681	1.66554182737949 
18.22	1.0140915	0.0140623252831251	1.01318115452881 
18.26	1.003857	0.0130639919344417	1.32795719811136 
18.31	1.017477	0.0108062092774186	0.651612138379919 
18.36	1.0084385	0.0144642092857908	1.76741945247731 
18.41	0.999758	0.0178159209106556	2.12826255002555 
18.46	1.015731	0.0149268560161313	1.3752026933133 
18.51	1.0175945	0.0123894774856901	3.18743962963359 
18.56	1.0098175	0.0113057893297382	0.275111577755927 
18.61	1.0014775	0.0151029944312204	1.85443203954447 
18.66	1.022431	0.0127504100656452	2.2574530914344 
18.7	1.011789	0.0162933360287993	1.41014965440534 
18.75	1.0295025	0.0138864905478973	1.29549728078072 
18.8	1.010398	0.0132397947193499	2.29450116206185 
18.85	1.0262555	0.0172208305548832	1.83719251371826 
18.9	1.017114	0.0148426063110649	1.65256805044028 
18.95	1.0175185	0.0126120974819709	0.419307141114114 
19	1.009774	0.0151555594802005	1.53980110923152 
19.05	1.0113845	0.0136476442829407	1.28624259605709 
19.09	1.010829	0.0141967731322446	1.82774649543004 
19.14	0.995221	0.0112421317045816	0.515975892305816 
19.19	1.011965	0.0145339176809935	1.11149953785365 
19.24	0.999893	0.0152437946304994	1.22124469941289 
19.29	1.007059	0.0132575566932103	0.865726216999244 
19.34	1.0139125	0.0146614567650587	1.32826181198299 
19.39	0.9972005	0.0131527785637624	0.632778684668259 
19.44	1.0056255	0.0124429009458152	0.735076852533339 
19.49	1.001962	0.0147783926908956	1.12752487011326 
19.53	1.011571	0.0105276442609071	0.125063645175544 
19.58	1.008956	0.0112623188226563	0.740782051759564 
19.63	1.0028775	0.0147323731875364	1.45684489352834 
19.68	0.998677	0.013232841163679	1.59012909825522 
19.73	1.004006	0.0157657378013543	1.65182620396547 
19.78	1.0007125	0.0146774796613903	1.51777647820593 
19.83	1.0056615	0.0139028790183904	1.5876703606248 
19.88	1.0043205	0.0155491483858865	1.50067669591267 
19.92	0.9941385	0.0125982397579979	2.82481116865506 
19.97	1.0019125	0.0122112376522611	0.582231297300674 
20.02	1.0084225	0.0138487399673837	1.53904761078774 
20.07	1.0130715	0.0169504007948267	1.92845197607213 
20.12	0.992481	0.0142335747997103	1.46705298708216 
20.17	0.9968095	0.0127721462875068	1.97615517972905 
20.22	0.990621	0.0140792377559822	1.03762521683927 
20.27	0.9852155	0.0128398805023952	1.57681397743137 
20.32	0.9986755	0.0156943072062519	1.64132431849947 
20.36	0.997904	0.0103054724348408	0.733442239967516 
20.41	1.0053105	0.0149804878267136	1.22234989457105 
20.46	1.0099385	0.0130044102944064	0.985681079400833 
20.51	1.000607	0.0137376854328752	0.758659104143122 
20.56	0.994143	0.014161743536726	1.48033397692103 
20.61	0.997857	0.013015589074159	0.685123655701892 
20.66	1.0110905	0.015355057275939	2.23231895116417 
20.71	0.990418	0.0154863194635238	1.58817529858299 
20.75	0.9963465	0.0132172623469222	1.86835769299457 
20.8	1.001467	0.0144209821915299	1.45647112693138 
20.85	1.0035295	0.0130539501885949	1.31953591880272 
20.9	1.0219645	0.0134617264377275	1.54277891497651 
20.95	0.993866	0.0133738788610288	2.0487957411 
21	1.0098935	0.0142289890438684	1.19248450948709 
